,x,z,IC
0,0,0,3.074346790860332
1,0,1,3.085260135125926
2,0,2,3.0926571165741623
3,0,3,3.096348066436803
4,0,4,3.0962347670022656
5,0,5,3.0923100013505267
6,0,6,1.787619559683784
7,0,7,1.8237566914763477
8,0,8,1.858558036915019
9,0,9,1.8919084177289596
10,0,10,1.9237290977800274
11,0,11,1.9539740386637647
12,0,12,1.9826252855422168
13,0,13,2.0096877029588462
14,0,14,2.035183295625993
15,0,15,2.059145355686553
16,0,16,2.0816126757103848
17,0,17,2.1026240559747755
18,0,18,2.122213315968801
19,0,19,2.1404049943892742
20,0,20,2.157210890227102
21,0,21,2.1726275611308052
22,0,22,2.1866348554732733
23,0,23,2.199195512922004
24,0,24,2.210255826340952
25,0,25,2.2197473170341846
26,0,26,2.2275893371072693
27,0,27,2.2336924783816805
28,0,28,2.237962637997698
29,0,29,2.2403055675283796
30,0,30,2.240631715819269
31,0,31,2.238861166332033
32,0,32,2.23492846771174
33,0,33,2.2287871615590378
34,0,34,2.2204138236570925
35,0,35,2.2098114536252997
36,0,36,2.0469715665846047
37,0,37,2.043603854872669
38,0,38,2.040504520102285
39,0,39,2.0376392165621846
40,0,40,2.035004532446134
41,0,41,2.03263145564597
42,0,42,2.0305870088006284
43,0,43,2.028973960582399
44,0,44,2.0279286067515194
45,0,45,2.0276167010324326
46,0,46,2.0282276984688496
47,0,47,2.0299675489165794
48,0,48,2.033050342425956
49,0,49,2.037689158669115
50,0,50,2.044086507151363
51,0,51,2.052424762323648
52,0,52,1.8212025239190164
53,0,53,1.7979780663678642
54,0,54,1.7758540354289851
55,0,55,1.754882095942716
56,0,56,1.735076101629062
57,0,57,1.7164124971927597
58,0,58,1.6988317639015786
59,0,59,1.682240864617636
60,0,60,1.6665166157654154
61,0,61,1.6515098879989247
62,0,62,1.6370505150961294
63,0,64,1.609021272701761
64,1,0,3.061149053295875
65,1,1,3.072267697265837
66,1,2,3.0798664361053314
67,1,3,3.0837604580316627
68,1,4,3.083855847717605
69,1,5,3.0801489864485996
70,1,6,1.7892782429296272
71,1,7,1.8255175465356057
72,1,8,1.8604801493738803
73,1,9,1.8940483031138533
74,1,10,1.9261385864332692
75,1,11,1.9566983319917706
76,1,12,1.9857012530572316
77,1,13,2.0131424807707674
78,1,14,2.039033236190095
79,1,15,2.0633953660610307
80,1,16,2.0862559677680443
81,1,17,2.1076423174312873
82,1,18,2.1275772962462662
83,1,19,2.146075484746481
84,1,20,2.163140063763801
85,1,21,2.1787606256915453
86,1,22,2.192911961570545
87,1,23,2.2055538499425036
88,1,24,2.216631833793914
89,1,25,2.2260789336647298
90,1,26,2.233818209458457
91,1,27,2.2397660518795606
92,1,28,2.243836057791802
93,1,29,2.2459433229912604
94,1,30,2.246008971550473
95,1,31,2.2439647334045976
96,1,32,2.2397573813558918
97,1,33,2.2333528450586124
98,1,34,2.224739832462401
99,1,35,2.2139328080644427
100,1,36,2.061668486566031
101,1,37,2.0571794686251397
102,1,38,2.052978393967464
103,1,39,2.049034139836555
104,1,40,2.045345081678058
105,1,41,2.0419427177672076
106,1,42,2.0388935075949046
107,1,43,2.0362988213475064
108,1,44,2.034292983201135
109,1,45,2.0330394769775166
110,1,46,2.0327254651015165
111,1,47,2.0335548470730465
112,1,48,2.035740148486199
113,1,49,2.039493583172146
114,1,50,2.045017667119453
115,1,51,2.0524957819756677
116,1,52,2.0620830874870175
117,1,53,1.8072610962749898
118,1,54,1.785509552413565
119,1,55,1.764849788569805
120,1,56,1.745288667742771
121,1,57,1.7267975436870997
122,1,58,1.7093138155458667
123,1,59,1.6927434134840342
124,1,60,1.6769641427032278
125,1,61,1.6618297899148393
126,1,62,1.6471748764213578
127,1,64,1.618577103105333
128,2,0,3.048979574975542
129,2,1,3.0603091491508883
130,2,2,3.0681111006740913
131,2,3,3.0722057778865866
132,2,4,3.0725039528765525
133,2,5,3.0690060609436087
134,2,6,1.790299740495895
135,2,7,1.8266262064128007
136,2,8,1.861739291478428
137,2,9,1.8955182785976312
138,2,10,1.9278745701769093
139,2,11,1.9587483021792438
140,2,12,1.9881042293039253
141,2,13,2.0159270829929636
142,2,14,2.0422166149918874
143,2,15,2.066982542277608
144,2,16,2.0902396044027336
145,2,17,2.112002932060517
146,2,18,2.1322839065693966
147,2,19,2.1510866648600544
148,2,20,2.1684053744638185
149,2,21,2.1842223691442264
150,2,22,2.1985071994857974
151,2,23,2.211216615316597
152,2,24,2.222295459664746
153,2,25,2.2316784183647878
154,2,26,2.2392925366840926
155,2,27,2.245060385550262
156,2,28,2.2489037360815045
157,2,29,2.2507475829119667
158,2,30,2.2505243448041554
159,2,31,2.248178065559883
160,2,32,2.243668439351139
161,2,33,2.2369744921282235
162,2,34,2.22809776433673
163,2,35,2.217064859192969
164,2,36,2.076311474174304
165,2,37,2.070727562307417
166,2,38,2.0654528632275726
167,2,39,2.0604590922115036
168,2,40,2.05574596122208
169,2,41,2.0513449694459633
170,2,42,2.0473214542859743
171,2,43,2.0437747903024275
172,2,44,2.04083670774466
173,2,45,2.0386677873770074
174,2,46,2.037452270428784
175,2,47,2.0373913979963407
176,2,48,2.038695559742382
177,2,49,2.0415755844071115
178,2,50,2.046233542218041
179,2,51,2.05285345022675
180,2,52,2.0615922751578086
181,2,53,1.8159486960863225
182,2,54,1.794620738054764
183,2,55,1.774323647939412
184,2,56,1.7550567050266894
185,2,57,1.7367856345763704
186,2,58,1.7194442827556111
187,2,59,1.7029371521749055
188,2,60,1.6871427251073656
189,2,61,1.6719174806454378
190,2,62,1.6571004944901047
191,2,64,1.6279912486638792
192,3,0,3.037898042615326
193,3,1,3.0494401761714878
194,3,2,3.057442975648166
195,3,3,3.0617322635380777
196,3,4,3.062223890653348
197,3,5,3.058922803778916
198,3,6,1.7906680556437025
199,3,7,1.8270665578626852
200,3,8,1.8623193350863119
201,3,9,1.8963022946154362
202,3,10,1.9289211656025729
203,3,11,1.9601083158475554
204,3,12,1.9898189131133244
205,3,13,2.018026622869766
206,3,14,2.0447190432354074
207,3,15,2.069893079226082
208,3,16,2.0935504523880297
209,3,17,2.115693528899085
210,3,18,2.1363216299113574
211,3,19,2.155427963136525
212,3,20,2.172997285469837
213,3,21,2.1890043739738543
214,3,22,2.2034133480507148
215,3,23,2.216177850418417
216,3,24,2.2272420598647336
217,3,25,2.236542475924686
218,3,26,2.244010385764221
219,3,27,2.2495748976719447
220,3,28,2.253166404516081
221,3,29,2.2547203249760654
222,3,30,2.2541809607580343
223,3,31,2.2515053045780196
224,3,32,2.2466666364481016
225,3,33,2.2396577545104077
226,3,34,2.2304937009050816
227,3,35,2.2192138623171185
228,3,36,2.0908621792492394
229,3,37,2.0842134181492966
230,3,38,2.0778967316721966
231,3,39,2.0718862731818772
232,3,40,2.0661826282901687
233,3,41,2.060816778290555
234,3,42,2.055852372876172
235,3,43,2.0513861896078773
236,3,44,2.04754674043359
237,3,45,2.044491069793716
238,3,46,2.0423998706486817
239,3,47,2.041471120444625
240,3,48,2.0419125052170237
241,3,49,2.0439329538121527
242,3,50,2.04773364327492
243,3,51,2.0534988592021723
244,3,52,2.0613871004551028
245,3,53,1.823999973553749
246,3,54,1.8031425745542315
247,3,55,1.783254627810107
248,3,56,1.7643272767683174
249,3,57,1.7463201186053563
250,3,58,1.7291630101033935
251,3,59,1.71275866188391
252,3,60,1.6969859475931783
253,3,61,1.6817038363384378
254,3,62,1.6667558415399553
255,3,64,1.6371883287344724
256,4,0,3.0279596741873624
257,4,1,3.039711912931734
258,4,2,3.0479093124180983
259,4,3,3.0523834939366035
260,4,4,3.053055783909212
261,4,5,3.04993609864058
262,4,6,1.7903697840065314
263,4,7,1.8268249782048231
264,4,8,1.8622065230103773
265,4,9,1.8963865383121385
266,4,10,1.9292645806590236
267,4,11,1.960764678325936
268,4,12,1.9908317860822258
269,4,13,2.0194278412801845
270,4,14,2.0465276095465823
271,4,15,2.0721145079372034
272,4,16,2.0961765861138075
273,4,17,2.118702832375581
274,4,18,2.1396799518919303
275,4,19,2.1590897400994535
276,4,20,2.176907145956579
277,4,21,2.19309908872382
278,4,22,2.20762405935695
279,4,23,2.220432504693566
280,4,24,2.2314679605921297
281,4,25,2.2406688701986988
282,4,26,2.2479709966212553
283,4,27,2.253310316401352
284,4,28,2.256626262037844
285,4,29,2.257865168999756
286,4,30,2.2569837755222237
287,4,31,2.2539526221554045
288,4,32,2.2487592024629004
289,4,33,2.2414107261697684
290,4,34,2.231936370975546
291,4,35,2.220388918540689
292,4,36,2.105283012631027
293,4,37,2.0976029167799144
294,4,38,2.0902792385278555
295,4,39,2.0832881564520482
296,4,40,2.076630656959808
297,4,41,2.070336677480977
298,4,42,2.064467609845193
299,4,43,2.0591170311020557
300,4,44,2.054409610494283
301,4,45,2.050498224633425
302,4,46,2.047559394349015
303,4,47,2.0457872324996726
304,4,48,2.0453861588545506
305,4,49,2.0465626930289162
306,4,50,2.049516677023248
307,4,51,2.0544323034913354
308,4,52,2.061469333527541
309,4,53,1.8313768391525729
310,4,54,1.8110326673010668
311,4,55,1.7915961238781781
312,4,56,1.773049708574247
313,4,57,1.7553464319968672
314,4,58,1.7384117624487512
315,4,59,1.72214628708144
316,4,60,1.7064290133546833
317,4,61,1.6911212210192323
318,4,62,1.676070762186003
319,4,64,1.6460941519451824
320,5,0,3.0192148990442305
321,5,1,3.0311706455882783
322,5,2,3.039552472182573
323,5,3,3.0441981338548976
324,5,4,3.0450348343698312
325,5,5,3.042077917044787
326,5,6,1.7893943259784486
327,5,7,1.8258905445478617
328,5,8,1.8613896739258449
329,5,9,1.8957596331080857
330,5,10,1.9288933079759725
331,5,11,1.9607058199496779
332,5,12,1.9911312911705297
333,5,13,2.0201192770582237
334,5,14,2.047631041529662
335,5,15,2.0736358479681227
336,5,16,2.0981074304644554
337,5,17,2.1210207954081453
338,5,18,2.142349483877496
339,5,19,2.16206340132654
340,5,20,2.1801272937886047
341,5,21,2.196499920306033
342,5,22,2.2111339406996784
343,5,23,2.2239765072699833
344,5,24,2.234970519702407
345,5,25,2.2440564753917953
346,5,26,2.2511748235538307
347,5,27,2.2562687116682048
348,5,28,2.259286997643387
349,5,29,2.2601873910673667
350,5,30,2.258939582275245
351,5,31,2.2555282187835983
352,5,32,2.249955594773224
353,5,33,2.2422439304166737
354,5,34,2.2324371334412945
355,5,35,2.22060195473794
356,5,36,2.119537218445546
357,5,37,2.110862592876151
358,5,38,2.1025700985437874
359,5,39,2.094637515601309
360,5,40,2.087065750614465
361,5,41,2.079883166218456
362,5,42,2.0731483238670187
363,5,43,2.0669509965535178
364,5,44,2.061411388382414
365,5,45,2.0566775802510056
366,5,46,2.05292130188795
367,5,47,2.0503322064066745
368,5,48,2.049110890957232
369,5,49,2.049460963015039
370,5,50,2.0515804939068634
371,5,51,2.05565322759166
372,5,52,2.061839922479298
373,5,53,1.838044251256434
374,5,54,1.81825152095622
375,5,55,1.7993042814705358
376,5,56,1.7811759281170771
377,5,57,1.7638124704375087
378,5,58,1.7471346290839185
379,5,59,1.7310405714788093
380,5,60,1.7154092113483144
381,5,61,1.7001039841473042
382,5,62,1.6849770002682642
383,5,64,1.6546362975281912
384,6,0,3.011709059317827
385,6,1,3.0238575358877817
386,6,2,3.0324096718013354
387,6,3,3.037209700676082
388,6,4,3.038191109437922
389,6,5,3.035375124259803
390,6,6,1.7877340816754803
391,6,7,1.8242552271685073
392,6,8,1.859860373114648
393,6,9,1.8944128258618875
394,6,10,1.9277983075966802
395,6,11,1.9599224736037413
396,6,12,1.9907080043775596
397,6,13,2.0200914321944268
398,6,14,2.048019863947913
399,6,15,2.07444775806887
400,6,16,2.0993339035228473
401,6,17,2.1226387337369195
402,6,18,2.144322088568141
403,6,19,2.1643415139508897
404,6,20,2.182651162629084
405,6,21,2.1992013314472265
406,6,22,2.2139386421332423
407,6,23,2.226806844443935
408,6,24,2.237748194003926
409,6,25,2.2467053331137237
410,6,26,2.253623582079511
411,6,27,2.258453531931245
412,6,28,2.2611538172854564
413,6,29,2.2616939409324215
414,6,30,2.26005701965097
415,6,31,2.2562423237531823
416,6,32,2.25026749072391
417,6,33,2.2421703056602604
418,6,34,2.2320099574920635
419,6,35,2.2198676995014295
420,6,36,2.1335889418529272
421,6,37,2.123959687354153
422,6,38,2.114739539681741
423,6,39,2.105907448382957
424,6,40,2.0974637540041887
425,6,41,2.0894347107268123
426,6,42,2.081875476944468
427,6,43,2.074871420121402
428,6,44,2.0685376607489223
429,6,45,2.0630168615781233
430,6,46,2.058475348804904
431,6,47,2.055097727845535
432,6,48,2.0530802243415005
433,6,49,2.052623038050116
434,6,50,2.0539220408344754
435,6,51,2.057160178238483
436,6,52,2.062498946028284
437,6,53,1.8439704470354779
438,6,54,1.8247628014517288
439,6,55,1.8063382893458888
440,6,56,1.788660791170324
441,6,57,1.771668947503225
442,6,58,1.7552784144306566
443,6,59,1.739384680603949
444,6,60,1.7238663700896866
445,6,61,1.7085889447228229
446,6,62,1.6934087121194912
447,6,64,1.662744682617013
448,7,0,3.0054821343885263
449,7,1,3.017808368579429
450,7,2,3.0265127532753544
451,7,3,3.0314463550071897
452,7,4,3.0325493529751872
453,7,5,3.0298493092884415
454,7,6,1.7853846260291686
455,7,7,1.8219140646206133
456,7,8,1.8576131466480041
457,7,9,1.8923401592651237
458,7,10,1.925973176795253
459,7,11,1.9584078412350636
460,7,12,1.9895547972735725
461,7,13,2.019336929752666
462,7,14,2.0476865514245848
463,7,15,2.074542683091356
464,7,16,2.0998485571302976
465,7,17,2.1235494595929754
466,7,18,2.145591006247235
467,7,19,2.165917924977719
468,7,20,2.184473391828653
469,7,21,2.201198941679948
470,7,22,2.216034948128269
471,7,23,2.228921641612371
472,7,24,2.239800611133173
473,7,25,2.2486167139379543
474,7,26,2.255320300007419
475,7,27,2.2598696447001725
476,7,28,2.262233473901919
477,7,29,2.2623934617494346
478,7,30,2.260346581521827
479,7,31,2.2561071955028345
480,7,32,2.2497087792329094
481,7,33,2.2412051891468154
482,7,34,2.2306713995498186
483,7,35,2.2182036545303085
484,7,36,2.147403292329683
485,7,37,2.1368621962570717
486,7,38,2.1267583386362543
487,7,39,2.1170713999472235
488,7,40,2.1078006652703616
489,7,41,2.098969746193532
490,7,42,2.090629827383332
491,7,43,2.0828612734692022
492,7,44,2.0757735087783575
493,7,45,2.0695031627389553
494,7,46,2.0642105537248554
495,7,47,2.0600746600851987
496,7,48,2.0572867956467777
497,7,49,2.0560432650408127
498,7,50,2.056537319255433
499,7,51,2.058950761955039
500,7,52,2.0634455711607353
501,7,53,1.8491271569295091
502,7,54,1.8305335815063968
503,7,55,1.8126606569437624
504,7,56,1.7954623909988832
505,7,57,1.7788697363121642
506,7,58,1.762793011789795
507,7,59,1.7471248072005727
508,7,60,1.731743293984058
509,7,61,1.7165158575734336
510,7,62,1.701302961595522
511,7,64,1.670352110290694
512,8,0,3.00056849010651
513,8,1,3.0130533237631485
514,8,2,3.0218879782961947
515,8,3,3.026930716444128
516,8,4,3.02812882126679
517,8,5,3.0255166400142897
518,8,6,1.782344861759202
519,8,7,1.818865318318342
520,8,8,1.8546456167566918
521,8,9,1.8895386272317578
522,8,10,1.9234143047617742
523,8,11,1.956157747143356
524,8,12,1.9876669882286586
525,8,13,2.017850662381997
526,8,14,2.0466256735862904
527,8,15,2.0739149951099107
528,8,16,2.0996457133224764
529,8,17,2.123747412778633
530,8,18,2.1461509798271106
531,8,19,2.166787879612378
532,8,20,2.185589937355913
533,8,21,2.2024896302089063
534,8,22,2.217420871733114
535,8,23,2.230320248129841
536,8,24,2.2411286445656278
537,8,25,2.2497931821017985
538,8,26,2.2562693714592257
539,8,27,2.2605233796253277
540,8,28,2.262534299457793
541,8,29,2.2622963111063052
542,8,30,2.259820627231086
543,8,31,2.255137121447193
544,8,32,2.2482955508087192
545,8,33,2.2393662979677296
546,8,34,2.228440576280027
547,8,35,2.2156300608704775
548,8,36,2.160946402584045
549,8,37,2.1495389165129297
550,8,38,2.138597854424424
551,8,39,2.1281031852827743
552,8,40,2.118052648275537
553,8,41,2.1084666800282412
554,8,42,2.0993919250111146
555,8,43,2.0909031539552903
556,8,44,2.0831034903321215
557,8,45,2.076122924087184
558,8,46,2.0701151711820875
559,8,47,2.065253013432185
560,8,48,2.0617223221863297
561,8,49,2.0597150284866395
562,8,50,2.059421348885059
563,8,51,2.061021608112109
564,8,52,2.0646780160293323
565,8,53,1.8534898006467024
566,8,54,1.8355345673652526
567,8,55,1.818237472533811
568,8,56,1.8015423482928332
569,8,57,1.7853721913202338
570,8,58,1.7696317567808055
571,8,59,1.7542105558065821
572,8,60,1.7389861782634606
573,8,61,1.7238278576123411
574,8,62,1.7086001923803469
575,8,64,1.677394793336396
576,9,0,2.996996654323291
577,9,1,3.0096167756091123
578,9,2,3.018555849180248
579,9,3,3.023679705686714
580,9,4,3.0249431452530002
581,9,5,3.0223877444854264
582,9,6,1.7786171481857305
583,9,7,1.8151106045317849
584,9,8,1.8509586363130928
585,9,9,1.886008311199164
586,9,10,1.9201210100716979
587,9,11,1.9531707759726213
588,9,12,1.9850424802729023
589,9,13,2.015629929374629
590,9,14,2.0448340306224906
591,9,15,2.072561126754838
592,9,16,2.0987215946756628
593,9,17,2.123228787231524
594,9,18,2.1459983768062347
595,9,19,2.1669481377632187
596,9,20,2.1859981819863568
597,9,21,2.2030716389276037
598,9,22,2.218095749577703
599,9,23,2.231003323495759
600,9,24,2.241734490240357
601,9,25,2.2502386619021584
602,9,26,2.256476612472944
603,9,27,2.2604225728725793
604,9,28,2.262066237802941
605,9,29,2.2614145822465037
606,9,30,2.2584933912501217
607,9,31,2.2533484163453883
608,9,32,2.246046085124911
609,9,33,2.2366737065627187
610,9,34,2.225339132979321
611,9,35,2.21216985937589
612,9,36,2.1741854832301586
613,9,37,2.161959488753723
614,9,38,2.150230060292811
615,9,39,2.138977011171903
616,9,40,2.1281960455719107
617,9,41,2.1179038968015726
618,9,42,2.1081421090240577
619,9,43,2.0989792762960255
620,9,44,2.0905116262964523
621,9,45,2.082861914060402
622,9,46,2.076176669748541
623,9,47,2.070621920340951
624,9,48,2.066377574684092
625,9,49,2.0636307214213394
626,9,50,2.062568137360797
627,9,51,2.063368337740966
628,9,52,2.066193518297634
629,9,53,1.8570376627605578
630,9,54,1.8397403046014091
631,9,55,1.823038639858617
632,9,56,1.8068660789828495
633,9,57,1.7911374473352932
634,9,58,1.7757517572797514
635,9,59,1.7605953030493664
636,9,60,1.7455449987965457
637,9,61,1.730471878063274
638,9,62,1.7152446732943654
639,9,64,1.6838128489420867
640,10,0,2.994789120158239
641,10,1,3.0075171187502425
642,10,2,3.0165309573691133
643,10,3,3.0217044140675404
644,10,4,3.0230002199773645
645,10,5,3.02046761917385
646,10,6,1.774207404079064
647,10,7,1.810655001951741
648,10,8,1.8465564005476924
649,10,9,1.8817524954361176
650,10,10,1.916095659013827
651,10,11,1.9494483934627396
652,10,12,1.9816818836381391
653,10,13,2.0126745603172207
654,10,14,2.042310777310957
655,10,15,2.070479694817457
656,10,16,2.0970744466364835
657,10,17,2.1219916511664163
658,10,18,2.145131306259089
659,10,19,2.1663970868741904
660,10,20,2.18569704294474
661,10,21,2.202944673827145
662,10,22,2.218060336015053
663,10,23,2.2309729232272275
664,10,24,2.241621743219588
665,10,25,2.2499585042800874
666,10,26,2.2559493167598523
667,10,27,2.2595766114354783
668,10,28,2.260840877083118
669,10,29,2.259762124306918
670,10,30,2.256380991176568
671,10,31,2.2507594182163086
672,10,32,2.2429808352469838
673,10,33,2.2331498199001594
674,10,34,2.2213912066036823
675,10,35,2.2078486447314893
676,10,36,2.187088873369431
677,10,37,2.1740944374003135
678,10,38,2.1616275741936986
679,10,39,2.149667497950717
680,10,40,2.138207392330286
681,10,41,2.1272597652084926
682,10,42,2.1168605088205874
683,10,43,2.107071468065895
684,10,44,2.0979813914985153
685,10,45,2.089705216207341
686,10,46,2.0823817158079017
687,10,47,2.07616961650713
688,10,48,2.0712423561933724
689,10,49,2.0677817225961723
690,10,50,2.0659706560621434
691,10,51,2.0659855382962475
692,10,52,2.0679883090888698
693,10,53,1.859754046122293
694,10,54,1.8431293609746429
695,10,55,1.8270380910303516
696,10,56,1.8114030374547083
697,10,57,1.7961306930176022
698,10,58,1.7811141968685755
699,10,59,1.7662365304136398
700,10,60,1.7513738732689235
701,10,61,1.7363990388938633
702,10,62,1.7211849125946308
703,10,64,1.6895507598205826
704,11,0,2.9939621782831125
705,11,1,3.0067666235077337
706,11,2,3.0158218605357985
707,11,3,3.021010001417021
708,11,4,3.022302122059636
709,11,5,3.0197555649079755
710,11,6,1.7691251830023118
711,11,7,1.8055071332200114
712,11,8,1.8414465343433553
713,11,9,1.8767777596539839
714,11,10,1.9113437630319023
715,11,11,1.9449950481807954
716,11,12,1.9775886211715403
717,11,13,2.0089870235023604
718,11,14,2.039057533659065
719,11,15,2.0676716122660843
720,11,16,2.0947046499710744
721,11,17,2.120036058934391
722,11,18,2.1435497290095267
723,11,19,2.1651348492569307
724,11,20,2.1846870751977843
725,11,21,2.202110003029267
726,11,22,2.217316894675921
727,11,23,2.2302325827443377
728,11,24,2.2407954727695727
729,11,25,2.2489595520472476
730,11,26,2.254696310141413
731,11,27,2.257996475991493
732,11,28,2.2588714803962553
733,11,29,2.257354560352746
734,11,30,2.2535014329469165
735,11,31,2.247390480768036
736,11,32,2.2391224075727507
737,11,33,2.228819341487781
738,11,34,2.2166233826790966
739,11,35,2.2026946123631888
740,11,36,2.199626087246378
741,11,37,2.1859152082272932
742,11,38,2.1727636880835783
743,11,39,2.160149701357771
744,11,40,2.14806343153563
745,11,41,2.136512647377114
746,11,42,2.125527048149795
747,11,43,2.115161169363897
748,11,44,2.1054957105139205
749,11,45,2.096637221699345
750,11,46,2.0887161632695337
751,11,47,2.081883428215669
752,11,48,2.076305487443207
753,11,49,2.072158380121201
754,11,50,2.069620822277974
755,11,51,2.0688667445178295
756,11,52,2.0700575926522373
757,11,53,1.8616264014714008
758,11,54,1.8456844845195375
759,11,55,1.8302139736339005
760,11,56,1.8151269328867026
761,11,57,1.8003214163552226
762,11,58,1.7856846090449747
763,11,59,1.771096126489466
764,11,60,1.7564313904999793
765,11,61,1.7415650019836497
766,11,62,1.7263740375573593
767,11,64,1.6945577976018555
768,12,0,2.9945257793579403
769,12,1,3.0073713209606945
770,12,2,3.016430989188301
771,12,3,3.021595623039703
772,12,4,3.0228450558553464
773,12,5,3.0202451510302892
774,12,6,1.7633837198782394
775,12,7,1.7996792190799216
776,12,8,1.8356401536907558
777,12,9,1.871094047438389
778,12,10,1.9058740537363417
779,12,11,1.9398182526335144
780,12,12,1.972769014973088
781,12,13,2.0045725174092883
782,12,14,2.0350784804335964
783,12,15,2.0641401869164198
784,12,16,2.0916148215555745
785,12,17,2.11736415280798
786,12,18,2.141255559191568
787,12,19,2.163163382130667
788,12,20,2.1829705686192478
789,12,21,2.2005705496890653
790,12,22,2.2158692857151703
791,12,23,2.2287873975893238
792,12,24,2.2392622942363136
793,12,25,2.2472502021891527
794,12,26,2.252728002170814
795,12,27,2.2556947808843457
796,12,28,2.2561730133602445
797,12,29,2.254209301965227
798,12,30,2.2498746121132838
799,12,31,2.243263961287682
800,12,32,2.2344955365300576
801,12,33,2.223709235354418
802,12,34,2.2110646453296603
803,12,35,2.196738497559742
804,12,36,2.211767857161722
805,12,37,2.197394203627776
806,12,38,2.183612396293365
807,12,39,2.170399134742705
808,12,40,2.1577411307355567
809,12,41,2.145640910817184
810,12,42,2.134121452870388
811,12,43,2.1232294369367524
812,12,44,2.1130369586457887
813,12,45,2.1036416275907213
814,12,46,2.095165049466957
815,12,47,2.0877497661648357
816,12,48,2.081554798806471
817,12,49,2.0767500017293026
818,12,50,2.0735094878548845
819,12,51,2.072004425493065
820,12,52,2.072395531815391
821,12,53,1.862646431812217
822,12,54,1.8473927352359512
823,12,55,1.8325488102042915
824,12,56,1.8180159166651622
825,12,57,1.8036836198510828
826,12,58,1.7894331197074833
827,12,59,1.7751406559913767
828,12,60,1.7606809049637708
829,12,61,1.7459302898733777
830,12,62,1.7307701359725949
831,12,64,1.6987884047086124
832,13,0,2.9964834275949004
833,13,1,3.009330918715719
834,13,2,3.0183545835083447
835,13,3,3.023454386424649
836,13,4,3.024619328813238
837,13,5,3.0219242081831954
838,13,6,1.7569999478021712
839,13,7,1.7931871040760259
840,13,8,1.8291519001452732
841,13,9,1.8647147092574825
842,13,10,1.899698534162807
843,13,11,1.9339286423632829
844,13,12,1.9672323527909805
845,13,13,1.9994390437257197
846,13,14,2.0303804379958033
847,13,15,2.0598912051256617
848,13,16,2.0878099018382645
849,13,17,2.1139802529925236
850,13,18,2.138252755477541
851,13,19,2.1604865686397954
852,13,20,2.1805516372977967
853,13,21,2.1983309780493814
854,13,22,2.2137230470545264
855,13,23,2.2266440983181024
856,13,24,2.237030436099537
857,13,25,2.244840463683955
858,13,26,2.2500564334431243
859,13,27,2.2526858098108646
860,13,28,2.2527621672529845
861,13,29,2.2503455591323718
862,13,30,2.2455223100291324
863,13,31,2.2384042029349054
864,13,32,2.229127053075695
865,13,33,2.2178486811474416
866,13,34,2.2047463196667842
867,13,35,2.239118834059792
868,13,36,2.2234861728372044
869,13,37,2.208504815800076
870,13,38,2.1941484232126998
871,13,39,2.1803917918907985
872,13,40,2.167217700604656
873,13,41,2.1546229432719883
874,13,42,2.1426232625790163
875,13,43,2.1312569530077936
876,13,44,2.120586968309529
877,13,45,2.1107014410433838
878,13,46,2.101712597434131
879,13,47,2.0937541259344017
880,13,48,2.0869771290309758
881,13,49,2.0815448517756527
882,13,50,2.0776264344099546
883,13,51,2.0753899779733516
884,13,52,2.0749952392480964
885,13,53,1.862810170327203
886,13,54,1.8482455889736982
887,13,55,1.834029628482502
888,13,56,1.820052739087234
889,13,57,1.806196003431032
890,13,58,1.792334655722193
891,13,59,1.778341593151151
892,13,60,1.7640907939136605
893,13,61,1.7494605652950752
894,13,62,1.7343365565547861
895,13,64,1.7022025313467664
896,14,0,2.999832106264002
897,14,1,3.0126387480714665
898,14,2,3.0215826610043686
899,14,3,3.0265733381562683
900,14,4,3.0276093563875515
901,14,5,3.0247748499742526
902,14,6,1.7499944844248423
903,14,7,1.786050253018947
904,14,8,1.8219999473964954
905,14,9,1.8576565190567451
906,14,10,1.892832505190537
907,14,11,1.9273400118484514
908,14,12,1.9609909329089446
909,14,13,1.9935974605644768
910,14,14,2.0249729270223438
911,14,15,2.054932999025981
912,14,16,2.083297227432941
913,14,17,2.109890934277262
914,14,18,2.1345474003515297
915,14,19,2.1571102982027783
916,14,20,2.1774362993289924
917,14,21,2.1953977709880306
918,14,22,2.210885467975261
919,14,23,2.2238111184426037
920,14,24,2.234109800620442
921,14,25,2.2417420093013587
922,14,26,2.2466953171191157
923,14,27,2.2489855458081798
924,14,28,2.2486573764007294
925,14,29,2.245784344206823
926,14,30,2.2404681838028857
927,14,31,2.2328375103976503
928,14,32,2.2230458460567077
929,14,33,2.211269021510874
930,14,34,2.1977020058074586
931,14,35,2.2509722706149207
932,14,36,2.2347543174345144
933,14,37,2.219221458076424
934,14,38,2.2043472505197985
935,14,39,2.19010417070001
936,14,40,2.1764706155606417
937,14,41,2.1634371707037663
938,14,42,2.1510118463273646
939,14,43,2.1392240390159936
940,14,44,2.1281270410091926
941,14,45,2.117798989680059
942,14,46,2.1083422246998085
943,14,47,2.0998810952125573
944,14,48,2.092558330821334
945,14,49,2.0865301550332065
946,14,50,2.081960375141446
947,14,51,2.079013725952292
948,14,52,2.0778487745194565
949,14,53,1.8621180308162721
950,14,54,1.8482390123395476
951,14,55,1.834648061108412
952,14,56,1.821224873834216
953,14,57,1.8078421133763771
954,14,58,1.79436911769264
955,14,59,1.7806755174234787
956,14,60,1.7666346748691044
957,14,61,1.7521268690637806
958,14,62,1.737042165677374
959,14,64,1.7047659246928166
960,15,0,3.004562235786243
961,15,1,3.0172817431078967
962,15,2,3.0260990153953027
963,15,3,3.030933481332164
964,15,4,3.0317936967053303
965,15,5,3.0287735236180575
966,15,6,1.7423915875394937
967,15,7,1.77829171772794
968,15,8,1.8142059793433627
969,15,9,1.8499396637164964
970,15,10,1.8852945662831782
971,15,11,1.9200693262615824
972,15,12,1.9540600864753612
973,15,13,1.9870615147273376
974,15,14,2.0188682098743884
975,15,15,2.0492764959780296
976,15,16,2.078086587452157
977,15,17,2.1051050878731035
978,15,18,2.130147765924981
979,15,19,2.153042534651396
980,15,20,2.1736325455253365
981,15,21,2.1917792974802324
982,15,22,2.207365653485217
983,15,23,2.2202986538641074
984,15,24,2.2305120165529098
985,15,25,2.2379682198939497
986,15,26,2.242660073230109
987,15,27,2.2446116941754406
988,15,28,2.243878828526237
989,15,29,2.2405484687288886
990,15,30,2.234737748911506
991,15,31,2.2265921179021992
992,15,32,2.216282815530197
993,15,33,2.2040037009462816
994,15,34,2.189967503829531
995,15,35,2.26229398201916
996,15,36,2.245546900435062
997,15,37,2.2295195946084743
998,15,38,2.214185144173823
999,15,39,2.1995132979244345
1000,15,40,2.1854776366382227
1001,15,41,2.172062078606121
1002,15,42,2.1592664226052447
1003,15,43,2.147110674422893
1004,15,44,2.135637965041103
1005,15,45,2.124915938177678
1006,15,46,2.1150365586862128
1007,15,47,2.106114367841745
1008,15,48,2.098283283305664
1009,15,49,2.0916921072927694
1010,15,50,2.0864989632216977
1011,15,51,2.0828649264671637
1012,15,52,2.0809471468901397
1013,15,53,1.8605748298836615
1014,15,54,1.8473735077055566
1015,15,55,1.8344004136802672
1016,15,56,1.821524608989881
1017,15,57,1.8086104558971547
1018,15,58,1.795521515389427
1019,15,59,1.782124269801805
1020,15,60,1.7682915816047449
1021,15,61,1.7539058143175845
1022,15,62,1.7388615582696696
1023,15,64,1.7064503678396425
1024,16,0,3.010657664887422
1025,16,1,3.023240452060706
1026,16,2,3.0318812469759227
1027,16,3,3.0365098236323704
1028,16,4,3.037145115030175
1029,16,5,3.0338910894969944
1030,16,6,1.734219079822616
1031,16,7,1.7699380738667907
1032,16,8,1.805795139357651
1033,16,9,1.8415877049237264
1034,16,10,1.8771065899753778
1035,16,11,1.9121367083843608
1036,16,12,1.9464581764533235
1037,16,13,1.9798478520818437
1038,16,14,2.012081311574772
1039,16,15,2.0429352491071358
1040,16,16,2.0721902623556376
1041,16,17,2.099633967136318
1042,16,18,2.12506436492965
1043,16,19,2.1482933707445326
1044,16,20,2.1691503955915765
1045,16,21,2.1874858685007212
1046,16,22,2.2031745779767506
1047,16,23,2.216118712321095
1048,16,24,2.226250482463299
1049,16,25,2.2335342197620887
1050,16,26,2.237967854394679
1051,16,27,2.2395836970232574
1052,16,28,2.2384484668238382
1053,16,29,2.2346625319660367
1054,16,30,2.228358353418135
1055,16,31,2.219698148621171
1056,16,32,2.208870817189664
1057,16,33,2.196088195411751
1058,16,34,2.181580729027302
1059,16,35,2.273059302073704
1060,16,36,2.2558398875879373
1061,16,37,2.239375768615391
1062,16,38,2.223639181369037
1063,16,39,2.2085967551722643
1064,16,40,2.1942168367936565
1065,16,41,2.1804762367977997
1066,16,42,2.167366083722654
1067,16,43,2.1548965206967403
1068,16,44,2.143100039008839
1069,16,45,2.132033311158934
1070,16,46,2.1217774587436553
1071,16,47,2.1124367646890683
1072,16,48,2.104135911367857
1073,16,49,2.0970158927250218
1074,16,50,2.0912288067084144
1075,16,51,2.0869317815413626
1076,16,52,2.084280323741893
1077,16,53,1.8581897803371281
1078,16,54,1.8456541276606562
1079,16,55,1.8332877003936285
1080,16,56,1.8209491036835586
1081,16,57,1.8084945742903098
1082,16,58,1.7957820646476026
1083,16,59,1.7826750684173387
1084,16,60,1.7690460971824806
1085,16,61,1.7547797355185457
1086,16,62,1.7397752211659225
1087,16,64,1.7072338665654236
1088,17,0,3.0180956951098716
1089,17,1,3.0304890811695966
1090,17,2,3.0389008245467273
1091,17,3,3.043271456020576
1092,17,4,3.0436306779043054
1093,17,5,3.0400929294276353
1094,17,6,1.725508242994261
1095,17,7,1.7610193279946336
1096,17,8,1.7967959507129168
1097,17,9,1.832627513291658
1098,17,10,1.8682936697968415
1099,17,11,1.903565400232365
1100,17,12,1.9382065726109408
1101,17,13,1.9719760053424973
1102,17,14,2.004630019564085
1103,17,15,2.0359254479815174
1104,17,16,2.065623044271989
1105,17,17,2.093491216046467
1106,17,18,2.1193099856792843
1107,17,19,2.142875067784783
1108,17,20,2.1640019404449404
1109,17,21,2.1825297800120094
1110,17,22,2.198325126804453
1111,17,23,2.2112851514787524
1112,17,24,2.2213403992999052
1113,17,25,2.228456901762682
1114,17,26,2.2326375616614347
1115,17,27,2.2339227382227347
1116,17,28,2.232389982603545
1117,17,29,2.2281529000922227
1118,17,30,2.2213591428079105
1119,17,31,2.212187564592014
1120,17,32,2.200844597114552
1121,17,33,2.1875599319832886
1122,17,34,2.1725816169009255
1123,17,35,2.283245233082447
1124,17,36,2.2656106281306063
1125,17,37,2.248767629388089
1126,17,38,2.232687277629097
1127,17,39,2.217332706317766
1128,17,40,2.202666628777527
1129,17,41,2.1886583278109506
1130,17,42,2.1752898246776313
1131,17,43,2.1625609505332744
1132,17,44,2.150493101181119
1133,17,45,2.1391315223858283
1134,17,46,2.128546044798007
1135,17,47,2.1188302612927488
1136,17,48,2.1100992117734725
1137,17,49,2.102485707911785
1138,17,50,2.096135489863955
1139,17,51,2.091201456143351
1140,17,52,2.0878372445097484
1141,17,53,1.854976455516146
1142,17,54,1.8430904585195584
1143,17,55,1.8313156467663252
1144,17,56,1.819500409753859
1145,17,57,1.8074930889665632
1146,17,58,1.7951462449037825
1147,17,59,1.7823205824833637
1148,17,60,1.768888442982185
1149,17,61,1.7547367910683487
1150,17,62,1.7397696476643678
1151,17,64,1.707100782511961
1152,18,0,3.0268471388010205
1153,18,1,3.0389955710151946
1154,18,2,3.0471231788221225
1155,18,3,3.0511816618934615
1156,18,4,3.051211876691064
1157,18,5,3.047339083264722
1158,18,6,1.7162936819781949
1159,18,7,1.751568795258991
1160,18,8,1.7872402084518082
1161,18,9,1.8230891748454154
1162,18,10,1.8588840415988215
1163,18,11,1.8943816992039073
1164,18,12,1.9293296022194597
1165,18,13,1.9634683587830275
1166,18,14,1.9965348616289624
1167,18,15,2.028265908701245
1168,18,16,2.058402237948289
1169,18,17,2.086692879491088
1170,18,18,2.1128997099636297
1171,18,19,2.136802079226922
1172,18,20,2.158201369510169
1173,18,21,2.176925341825412
1174,18,22,2.1928321245425453
1175,18,23,2.2058137044098824
1176,18,24,2.2157987909683623
1177,18,25,2.222754940940701
1178,18,26,2.2266898492948477
1179,18,27,2.227651737623745
1180,18,28,2.225728797439787
1181,18,29,2.2210476750205577
1182,18,30,2.2137710145435974
1183,18,31,2.2040941063441344
1184,18,32,2.1922407161440667
1185,18,33,2.178458197987004
1186,18,34,2.163012017397357
1187,18,35,2.2928304695833406
1188,18,36,2.27483787948065
1189,18,37,2.2576739582278407
1190,18,38,2.2413082141961818
1191,18,39,2.2256999264556776
1192,18,40,2.2108057956757428
1193,18,41,2.196587178943974
1194,18,42,2.1830165765493743
1195,18,43,2.1700830823218484
1196,18,44,2.1577965646711155
1197,18,45,2.1461904102048073
1198,18,46,2.135322732533631
1199,18,47,2.125276022182711
1200,18,48,2.1161552859659203
1201,18,49,2.108084792405328
1202,18,50,2.101203600727614
1203,18,51,2.0956601019977135
1204,18,52,2.091605839947909
1205,18,53,1.85095272452347
1206,18,54,1.8396965727815513
1207,18,55,1.8284946592564204
1208,18,56,1.8171854581523668
1209,18,57,1.8056096999773457
1210,18,58,1.7936148169176713
1211,18,59,1.781058964045457
1212,18,60,1.767814523111666
1213,18,61,1.7537710188444895
1214,18,62,1.7388374025333544
1215,18,64,1.7060419118928232
1216,19,0,3.0368764105178236
1217,19,1,3.0487217051847924
1218,19,2,3.0565078270612442
1219,19,3,3.060198056330119
1220,19,4,3.0598447800811415
1221,19,5,3.0555844133211547
1222,19,6,1.7066131599509349
1223,19,7,1.7416229484602372
1224,19,8,1.7771628432586084
1225,19,9,1.8130058702771432
1226,19,10,1.8489089785231876
1227,19,11,1.8846148688318336
1228,19,12,1.9198544763805048
1229,19,13,1.954350089648874
1230,19,14,1.98781906162669
1231,19,15,2.019978042886013
1232,19,16,2.050547641690277
1233,19,17,2.0792573946065898
1234,19,18,2.1058509130246077
1235,19,19,2.1300910573432157
1236,19,20,2.1517649819853126
1237,19,21,2.170688891278389
1238,19,22,2.186712348830125
1239,19,23,2.1997219913573725
1240,19,24,2.209644511802195
1241,19,25,2.216448795588729
1242,19,26,2.2201471174416403
1243,19,27,2.2207953335273727
1244,19,28,2.218492033871196
1245,19,29,2.2133766520097984
1246,19,30,2.205626561546471
1247,19,31,2.195453221534099
1248,19,32,2.183097463275723
1249,19,33,2.168824039108463
1250,19,34,2.1529155780179963
1251,19,35,2.301795418210605
1252,19,36,2.2835018295875336
1253,19,37,2.266074693479242
1254,19,38,2.249481665843516
1255,19,39,2.2336778324932713
1256,19,40,2.2186135241795144
1257,19,41,2.204241798004811
1258,19,42,2.190525244407822
1259,19,43,2.1774418198144407
1260,19,44,2.1649894583627307
1261,19,45,2.153189279139368
1262,19,46,2.14208727498092
1263,19,47,2.1317544417212844
1264,19,48,2.1222853793597785
1265,19,49,2.113795465627986
1266,19,50,2.1064167647435226
1267,19,51,2.1002928870465816
1268,19,52,2.095573056528716
1269,19,53,1.8461406585953264
1270,19,54,1.835490950713536
1271,19,55,1.8248397618841474
1272,19,56,1.8140160101340514
1273,19,57,1.8028531520249838
1274,19,58,1.7911938005998025
1275,19,59,1.778893837401649
1276,19,60,1.7658259240068297
1277,19,61,1.751882344420461
1278,19,62,1.7369771371869769
1279,19,64,1.7040545093926995
1280,20,0,3.0481416516057696
1281,20,1,3.0596232509323946
1282,20,2,3.067008528496836
1283,20,3,3.0702727549304005
1284,20,4,3.0694802149686007
1285,20,5,3.0647787959311494
1286,20,6,1.6965074054685303
1287,20,7,1.731221239511715
1288,20,8,1.7666017581928621
1289,20,9,1.8024137276558099
1290,20,10,1.8384026601281866
1291,20,11,1.8742970244825004
1292,20,12,1.9098111921599359
1293,20,13,1.9446490862856862
1294,20,14,1.9785084728672397
1295,20,15,2.0110858052769425
1296,20,16,2.042081507873065
1297,20,17,2.0712055626322994
1298,20,18,2.0981832449624003
1299,20,19,2.1227608421993356
1300,20,20,2.144711181254152
1301,20,21,2.1638387908432084
1302,20,22,2.1799845288759987
1303,20,23,2.193029516824457
1304,20,24,2.2028982399671113
1305,20,25,2.209560694782722
1306,20,26,2.2130334917522516
1307,20,27,2.213379852529177
1308,20,28,2.2107084738248277
1309,20,29,2.205171265287781
1310,20,30,2.1969600039267387
1311,20,31,2.1863019820039895
1312,20,32,2.17345475760207
1313,20,33,2.1587001460965287
1314,20,34,2.142337615517591
1315,20,35,2.3101222138995943
1316,20,36,2.291584117121084
1317,20,37,2.273950954796817
1318,20,38,2.25718822921149
1319,20,39,2.241246515440351
1320,20,40,2.226069440604524
1321,20,41,2.2116014127254
1322,20,42,2.1977947496822594
1323,20,43,2.1846158969039777
1324,20,44,2.1720504734569017
1325,20,45,2.160106947473181
1326,20,46,2.148818810325476
1327,20,47,2.138245191259558
1328,20,48,2.1284699269103617
1329,20,49,2.1195991698801984
1330,20,50,2.11175768420706
1331,20,51,2.105084030325128
1332,20,52,2.0997248857454434
1333,20,53,1.8405664091065124
1334,20,54,1.830496371513669
1335,20,55,1.8203705002730524
1336,20,56,1.8100085736088183
1337,20,57,1.7992371622915693
1338,20,58,1.7878944132450842
1339,20,59,1.7758342464605543
1340,20,60,1.7629298694638447
1341,20,61,1.7490765421918049
1342,20,62,1.7341935552388115
1343,20,64,1.7011422574612491
1344,21,0,3.0605948875312814
1345,21,1,3.0716501313249056
1346,21,2,3.0785734699702303
1347,21,3,3.081352571570034
1348,21,4,3.0800639749481014
1349,21,5,3.074867339335475
1350,21,6,1.6860198931475896
1351,21,7,1.720405894604429
1352,21,8,1.7555976394205688
1353,21,9,1.7913516495525723
1354,21,10,1.8274020164547362
1355,21,11,1.8634629946093275
1356,21,12,1.899232410961738
1357,21,13,1.9343958432479202
1358,21,14,1.9686314892540682
1359,21,15,2.0016156198997326
1360,21,16,2.033028482826169
1361,21,17,2.0625605009502914
1362,21,18,2.089918593126783
1363,21,19,2.114832432394094
1364,21,20,2.13706045181289
1365,21,21,2.156395408966261
1366,21,22,2.17266932787192
1367,21,23,2.1857576512092405
1368,21,24,2.1955824560011816
1369,21,25,2.202114611599629
1370,21,26,2.205374789183605
1371,21,27,2.2054332659962683
1372,21,28,2.2024085040793713
1373,21,29,2.1964645210715683
1374,21,30,2.1878071084203317
1375,21,31,2.176678988806668
1376,21,32,2.163354038424364
1377,21,33,2.1481307298014825
1378,21,34,2.131324976039017
1379,21,35,2.3177947326399733
1380,21,36,2.2990678496583326
1381,21,37,2.281285066761483
1382,21,38,2.2644094517374773
1383,21,39,2.248386774421238
1384,21,40,2.233153649638108
1385,21,41,2.2186455137825254
1386,21,42,2.2048040768829664
1387,21,43,2.1915839273678857
1388,21,44,2.1789580154594628
1389,21,45,2.1669218006153477
1390,21,46,2.1554959157056284
1391,21,47,2.1447272723566932
1392,21,48,2.1346886046933538
1393,21,49,2.125476519183632
1394,21,50,2.117208183255855
1395,21,51,2.1100168419834224
1396,21,52,2.1040463980642845
1397,21,53,1.8342600579651647
1398,21,54,1.8247397747911451
1399,21,55,1.8151108138267429
1400,21,56,1.8051842853530216
1401,21,57,1.7947803117706411
1402,21,58,1.7837329688456796
1403,21,59,1.771894560705631
1404,21,60,1.7591391317721394
1405,21,61,1.7453651500840404
1406,21,62,1.7304973291240429
1407,21,64,1.6973151817416245
1408,22,0,3.074182217367929
1409,22,1,3.084746628194581
1410,22,2,3.0911454810155123
1411,22,3,3.0933792442421586
1412,22,4,3.0915370555334336
1413,22,5,3.0857906269233095
1414,22,6,1.675196599649314
1415,22,7,1.7092216846566883
1416,22,8,1.7441937423489027
1417,22,9,1.7798611158090119
1418,22,10,1.815946548079661
1419,22,11,1.852150158426165
1420,22,12,1.8881533138280517
1421,22,13,1.9236233338985484
1422,22,14,1.9582189345259284
1423,22,15,1.9915962849708815
1424,22,16,2.0234155261245137
1425,22,17,2.05334757520472
1426,22,18,2.0810810252634147
1427,22,19,2.1063289372240437
1428,22,20,2.1288353182798896
1429,22,21,2.1483810836319144
1430,22,22,2.164789308751296
1431,22,23,2.1779295963819743
1432,22,24,2.1877214058691252
1433,22,25,2.1941362213927382
1434,22,26,2.197198469374022
1435,22,27,2.1969851326003016
1436,22,28,2.19362404823607
1437,22,29,2.1872909175132187
1438,22,30,2.178205095133212
1439,22,31,2.1666242648818126
1440,22,32,2.15283814331804
1441,22,33,2.137161384419559
1442,22,34,2.1199258836578023
1443,22,35,2.32479860097393
1444,22,36,2.3059376200130552
1445,22,37,2.2880605819381956
1446,22,38,2.2711278612179226
1447,22,39,2.255080152395576
1448,22,40,2.2398467757514613
1449,22,41,2.2253539013148718
1450,22,42,2.211532324521916
1451,22,43,2.1983244593832016
1452,22,44,2.1856902613820894
1453,22,45,2.1736118499898573
1454,22,46,2.162096666716878
1455,22,47,2.1511790757637077
1456,22,48,2.1409203871858122
1457,22,49,2.1314073536475786
1458,22,50,2.1227492580978207
1459,22,51,2.115073768158767
1460,22,52,2.1085217812487773
1461,22,53,1.8272554414048372
1462,22,54,1.818252093370806
1463,22,55,1.8090888770524236
1464,22,56,1.7995687600973442
1465,22,57,1.7895059011272998
1466,22,58,1.7787307395231502
1467,22,59,1.7670943408256943
1468,22,60,1.7544719000351856
1469,22,61,1.7407653389634539
1470,22,62,1.7259049689522654
1471,22,64,1.6925895138999665
1472,23,0,3.088844034660915
1473,23,1,3.098851615049008
1474,23,2,3.104662277474297
1475,23,3,3.1062896880005604
1476,23,4,3.10383591505039
1477,23,5,3.0974849847254897
1478,23,6,1.6640857369693318
1479,23,7,1.697715672884196
1480,23,8,1.7324356548255875
1481,23,9,1.767985963429774
1482,23,10,1.8040781234546635
1483,23,11,1.8403982611156369
1484,23,12,1.8766114345980605
1485,23,13,1.9123668612537832
1486,23,14,1.9473039301805595
1487,23,15,1.9810588569629224
1488,23,16,2.0132718095463655
1489,23,17,2.043594311618674
1490,23,18,2.0716967134037994
1491,23,19,2.097275510147586
1492,23,20,2.1200602862654305
1493,23,21,2.1398200683475745
1494,23,22,2.1563688829276604
1495,23,23,2.169570334795334
1496,23,24,2.179341048095177
1497,23,25,2.185652844681405
1498,23,26,2.188533571156424
1499,23,27,2.188066526498543
1500,23,28,2.184388484830645
1501,23,29,2.177686351259566
1502,23,30,2.1681925313490105
1503,23,31,2.156179135216234
1504,23,32,2.1419511740698867
1505,23,33,2.1258389389568983
1506,23,34,2.1081897774469884
1507,23,35,2.3311212024245314
1508,23,36,2.312179520832793
1509,23,37,2.294262303439572
1510,23,38,2.2773269960086533
1511,23,39,2.2613089735371688
1512,23,40,2.246130007172086
1513,23,41,2.2317067347812056
1514,23,42,2.2179587600315798
1515,23,43,2.2048160345715555
1516,23,44,2.1922252218796388
1517,23,45,2.180154797144002
1518,23,46,2.1685987022963107
1519,23,47,2.157578445830421
1520,23,48,2.1471436099004877
1521,23,49,2.1373707990117303
1522,23,50,2.128361132138472
1523,23,51,2.1202364403779757
1524,23,52,2.1131343827613556
1525,23,53,1.819589948426101
1526,23,54,1.8110680586954568
1527,23,55,1.802336911327467
1528,23,56,1.7931919078146594
1529,23,57,1.7834417724427838
1530,23,58,1.772913780474281
1531,23,59,1.7614581654512715
1532,23,60,1.7489516071710947
1533,23,61,1.7352997383026794
1534,23,62,1.720438645210366
1535,23,64,1.6869875036317874
1536,24,0,3.104515278721691
1537,24,1,3.1138988189248624
1538,24,2,3.1190567325650993
1539,24,3,3.1200162738700676
1540,24,4,3.1168927600148733
1541,24,5,3.109882771919573
1542,24,6,1.6527374652691407
1543,24,7,1.6859369415622416
1544,24,8,1.7203710393022087
1545,24,9,1.7557721453204245
1546,24,10,1.791840755069385
1547,24,11,1.8282492079265655
1548,24,12,1.8646464720963176
1549,24,13,1.9006638880628082
1550,24,14,1.935921742894958
1551,24,15,1.9700365144755723
1552,24,16,2.002628596187124
1553,24,17,2.033330289851099
1554,24,18,2.0617938387085566
1555,24,19,2.087699263640123
1556,24,20,2.1107617650911887
1557,24,21,2.130738460454955
1558,24,22,2.1474342418509846
1559,24,23,2.160706561916953
1560,24,24,2.17046898473312
1561,24,25,2.1766933744009265
1562,24,26,2.179410633960009
1563,24,27,2.17870995093387
1564,24,28,2.1747365513930124
1565,24,29,2.1676880104825074
1566,24,30,2.1578092123183317
1567,24,31,2.1453860944793983
1568,24,32,2.130738350559029
1569,24,33,2.114211297073006
1570,24,34,2.09616713731548
1571,24,35,2.336751681025414
1572,24,36,2.3177811575668947
1573,24,37,2.2998763070326147
1574,24,38,2.282991435836233
1575,24,39,2.267056382182235
1576,24,40,2.251985142270398
1577,24,41,2.237684585960716
1578,24,42,2.224062878435374
1579,24,43,2.2110372512861907
1580,24,44,2.198540808001431
1581,24,45,2.186528102725911
1582,24,46,2.1749792946175623
1583,24,47,2.163902749954643
1584,24,48,2.153336036989461
1585,24,49,2.1433453309868367
1586,24,50,2.134023315643185
1587,24,51,2.1254857291480023
1588,24,52,2.117866755931604
1589,24,53,1.8113042953733371
1590,24,54,1.803225980350958
1591,24,55,1.7948909686775436
1592,24,56,1.7860877208249666
1593,24,57,1.7766200985153062
1594,24,58,1.7663127201639717
1595,24,59,1.7550154207992563
1596,24,60,1.7426067174723612
1597,24,61,1.7289962200652838
1598,24,62,1.7141259673723594
1599,24,64,1.6805371821088058
1600,25,0,3.1211257152363707
1601,25,1,3.1298171100112993
1602,25,2,3.134257174178887
1603,25,3,3.134487132445199
1604,25,4,3.130635853670846
1605,25,5,3.1229126929788733
1606,25,6,1.6412035876944955
1607,25,7,1.6739363002661742
1608,25,8,1.7080493560793764
1609,25,9,1.7432674698130424
1610,25,10,1.7792803562008497
1611,25,11,1.8157468387401503
1612,25,12,1.852300082747398
1613,25,13,1.8885538473390064
1614,25,14,1.9241096124831127
1615,25,15,1.9585644027851585
1616,25,16,1.9915191004419217
1617,25,17,2.022587016958615
1618,25,18,2.0514024776936552
1619,25,19,2.077629165749428
1620,25,20,2.10096797256385
1621,25,21,2.121164111883969
1622,25,22,2.138013271427742
1623,25,23,2.1513666019774234
1624,25,24,2.161134376131765
1625,25,25,2.1672881874534173
1626,25,26,2.169861604040763
1627,25,27,2.168949237209733
1628,25,28,2.1647042344413805
1629,25,29,2.1573342544105834
1630,25,30,2.147096029116938
1631,25,31,2.134288662288065
1632,25,32,2.1192458528111935
1633,25,33,2.102327265615663
1634,25,34,2.361751748740802
1635,25,35,2.341680942107048
1636,25,36,2.322731659886481
1637,25,37,2.304889962797144
1638,25,38,2.288106833159705
1639,25,39,2.272306383221193
1640,25,40,2.2573946381740146
1641,25,41,2.2432684948540897
1642,25,42,2.2298244644797336
1643,25,43,2.21696683180941
1644,25,44,2.204614902190891
1645,25,45,2.19270905993983
1646,25,46,2.181215423587707
1647,25,47,2.1701289526566216
1648,25,48,2.1594749334008796
1649,25,49,2.149308843986956
1650,25,50,2.1397146695472333
1651,25,51,2.130801801375974
1652,25,52,2.1227007095693344
1653,25,53,1.8024422783520455
1654,25,54,1.794767501476546
1655,25,55,1.7867906893911956
1656,25,56,1.7782940326110164
1657,25,57,1.7690771416865632
1658,25,58,1.7589625178182164
1659,25,59,1.7478000553706357
1660,25,60,1.7354704769696894
1661,25,61,1.7218876431627008
1662,25,62,1.7069997208859267
1663,25,64,1.6732720795901803
1664,26,0,3.138600244908611
1665,26,1,3.1465308177141
1666,26,2,3.1501877070258915
1667,26,3,3.1496264807599643
1668,26,4,3.1449898462328507
1669,26,5,3.136500129976193
1670,26,6,1.629537229809891
1671,26,7,1.6617659780670346
1672,26,8,1.6955215699482162
1673,26,9,1.7305213231237238
1674,26,10,1.7664444802175476
1675,26,11,1.8029366848939463
1676,26,12,1.8396156552260554
1677,26,13,1.8760779347736924
1678,26,14,1.9119065616481474
1679,26,15,1.9466794601616604
1680,26,16,1.9799783297875293
1681,26,17,2.0113977832445027
1682,26,18,2.04055447048621
1683,26,19,2.0670959188760945
1684,26,20,2.0907088222213353
1685,26,21,2.1111265226776794
1686,26,22,2.12813544956002
1687,26,23,2.141580307233183
1688,26,24,2.1513678396568134
1689,26,25,2.15746904069921
1690,26,26,2.1599197256754388
1691,26,27,2.158819429185331
1692,26,28,2.1543286455813417
1693,26,29,2.146664479571092
1694,26,30,2.1360948238324857
1695,26,31,2.1229312264205906
1696,26,32,2.1075206516161717
1697,26,33,2.0902363723135435
1698,26,34,2.3659467874389084
1699,26,35,2.345901650477111
1700,26,36,2.3270216916134165
1701,26,37,2.309291956315622
1702,26,38,2.2926599449888987
1703,26,39,2.277043883771402
1704,26,40,2.2623416613841965
1705,26,41,2.2484400282033055
1706,26,42,2.2352236578965305
1707,26,43,2.2225836930878184
1708,26,44,2.210425433128036
1709,26,45,2.198674872049663
1710,26,46,2.187283855501932
1711,26,47,2.176233693829563
1712,26,48,2.165537141144208
1713,26,49,2.1552387238231328
1714,26,50,2.145413473007543
1715,26,51,2.1361641812460994
1716,26,52,2.1276173606926636
1717,26,53,1.7930505053953976
1718,26,54,1.7857373320427858
1719,26,55,1.778079035533397
1720,26,56,1.7698522504946883
1721,26,57,1.7608529844396201
1722,26,58,1.7509021905670243
1723,26,59,1.739850302164161
1724,26,60,1.7275806291846139
1725,26,61,1.71401156119874
1726,26,62,1.6990975653895266
1727,26,64,1.6652309003504198
1728,27,0,3.156859238700828
1729,27,1,3.1639600716833174
1730,27,2,3.166768558118925
1731,27,3,3.165354970880462
1732,27,4,3.1598761252552543
1733,27,5,3.150567493439011
1734,27,6,1.617792506434444
1735,27,7,1.649479302324008
1736,27,8,1.6828398427152391
1737,27,9,1.717584377065678
1738,27,10,1.753382044592061
1739,27,11,1.7898657102438804
1740,27,12,1.8266380689479296
1741,27,13,1.86327888466328
1742,27,14,1.8993531889892128
1743,27,15,1.9344202272489694
1744,27,16,1.9680429095023992
1745,27,17,1.9997975009870708
1746,27,18,2.029283271967248
1747,27,19,2.056131821515118
1748,27,20,2.080015793681026
1749,27,21,2.1006567178266176
1750,27,22,2.117831727267249
1751,27,23,2.131378941149821
1752,27,24,2.1412013327332433
1753,27,25,2.1472689517279697
1754,27,26,2.149619417649072
1755,27,27,2.1483566536272978
1756,27,28,2.1436478840663282
1757,27,29,2.1357189731321506
1758,27,30,2.1248482325137417
1759,27,31,2.1113588744692455
1760,27,32,2.095610328259766
1761,27,33,2.0779886732475443
1762,27,34,2.3693827131594536
1763,27,35,2.3494082261134452
1764,27,36,2.3306434591909944
1765,27,37,2.3130723093450745
1766,27,38,2.2966386650328396
1767,27,39,2.2812547359329804
1768,27,40,2.2668101401316636
1769,27,41,2.25318134030984
1770,27,42,2.240241021426086
1771,27,43,2.2278670205948625
1772,27,44,2.2159504539727997
1773,27,45,2.2044027334669374
1774,27,46,2.1931612253803023
1775,27,47,2.1821933706888066
1776,27,48,2.1714991591952306
1777,27,49,2.161111923908571
1778,27,50,2.15109749427511
1779,27,51,2.1415518141711445
1780,27,52,2.1325971900369067
1781,27,53,1.7831781104735533
1782,27,54,1.7761829621794554
1783,27,55,1.7688020026368951
1784,27,56,1.7608070645578024
1785,27,57,1.751991234265687
1786,27,58,1.7421745128579675
1787,27,59,1.7312083711592314
1788,27,60,1.7189790991660812
1789,27,61,1.7054098965476001
1790,27,62,1.690461697365003
1791,27,64,1.6564571584678147
1792,28,0,3.1758188980878073
1793,28,1,3.1820211661860527
1794,28,2,3.1839164439460945
1795,28,3,3.1815900585483656
1796,28,4,3.1752131844355893
1797,28,5,3.165034590046961
1798,28,6,1.6060241787913736
1799,28,7,1.637130366852459
1800,28,8,1.6700572142442123
1801,28,9,1.7045082844968913
1802,28,10,1.740143041939452
1803,28,11,1.7765820386150857
1804,28,12,1.813413438383072
1805,28,13,1.8502007311639952
1806,28,14,1.886491446911853
1807,28,15,1.9218266409968918
1808,28,16,1.9557508916605941
1809,28,17,1.987822527239655
1810,28,18,2.0176237868613676
1811,28,19,2.0447706138988777
1812,28,20,2.0689217869244967
1813,28,21,2.0897871081561106
1814,28,22,2.1071343940588414
1815,28,23,2.1207950461146137
1816,28,24,2.130668020773475
1817,28,25,2.136722064946917
1818,28,26,2.138996135560841
1819,28,27,2.1375979769442632
1820,28,28,2.1327008863610297
1821,28,29,2.1245387539136757
1822,28,30,2.1133995164896846
1823,28,31,2.09961721458596
1824,28,32,2.083562884081712
1825,28,33,2.0656345508750267
1826,28,34,2.3720581148468516
1827,28,35,2.352196837468021
1828,28,36,2.333590718704267
1829,28,37,2.3162223998932525
1830,28,38,2.300032056020229
1831,28,39,2.284925780396007
1832,28,40,2.2707848181738557
1833,28,41,2.257475235795299
1834,28,42,2.244857611195605
1835,28,43,2.232796344875753
1836,28,44,2.2211682235344585
1837,28,45,2.2098699139289537
1838,28,46,2.1988241224834773
1839,28,47,2.1879842229183777
1840,28,48,2.1773372265520266
1841,28,49,2.166905044509705
1842,28,50,2.1567440644561024
1843,28,51,2.1469431334301032
1844,28,52,2.1376201000091295
1845,28,53,1.7728764516032631
1846,28,54,1.766154357913388
1847,28,55,1.7590083120425986
1848,28,56,1.751206135399232
1849,28,57,1.742538705522039
1850,28,58,1.7328256910029802
1851,28,59,1.7219201150809351
1852,28,60,1.709711648983892
1853,28,61,1.6961285841073748
1854,28,62,1.6811384807451009
1855,28,64,1.6469987783681226
1856,29,0,3.19539163859481
1857,29,1,3.20062694607285
1858,29,2,3.201544957561566
1859,29,3,3.19824639008813
1860,29,4,3.1909170090531336
1861,29,5,3.179819005365209
1862,29,6,1.5942873049795587
1863,29,7,1.6247736923543847
1864,29,8,1.657227274767748
1865,29,9,1.691345365110796
1866,29,10,1.7267782405377907
1867,29,11,1.763134669940584
1868,29,12,1.7999888453311437
1869,29,13,1.8368885568524826
1870,29,14,1.8733644062618766
1871,29,15,1.9089398148109915
1872,29,16,1.943141549918332
1873,29,17,1.9755104720822414
1874,29,18,2.005612190024862
1875,29,19,2.033047308676478
1876,29,20,2.057460961550139
1877,29,21,2.0785513362084442
1878,29,22,2.096076928424635
1879,29,23,2.109862296485152
1880,29,24,2.1198021307532358
1881,29,25,2.1258635037178637
1882,29,26,2.128086220663958
1883,29,27,2.1265812490177485
1884,29,28,2.1215272634315
1885,29,29,2.1131654018129686
1886,29,30,2.101792382836379
1887,29,31,2.0877521861406936
1888,29,32,2.0714265407277805
1889,29,33,2.053224503530551
1890,29,34,2.373973509246074
1891,29,35,2.3542653924595047
1892,29,36,2.3358587814332226
1893,29,37,2.318734981593288
1894,29,38,2.3028303820037195
1895,29,39,2.288044890635687
1896,29,40,2.2742513097032173
1897,29,41,2.26130523391596
1898,29,42,2.2490550490159555
1899,29,43,2.2373516202992683
1900,29,44,2.226057289863843
1901,29,45,2.215053845246847
1902,29,46,2.2042491784812253
1903,29,47,2.193582420494039
1904,29,48,2.183027407937519
1905,29,49,2.172594414566163
1906,29,50,2.1623301537226656
1907,29,51,2.152316129101378
1908,29,52,2.142665474755607
1909,29,53,1.762198795456674
1910,29,54,1.7557036418297813
1911,29,55,1.7487490865267983
1912,29,56,1.7410997635006582
1913,29,57,1.7325450811984902
1914,29,58,1.7229050159314583
1915,29,59,1.712034671686324
1916,29,60,1.6998275080940928
1917,29,61,1.686217188329407
1918,29,62,1.671178049269832
1919,29,64,1.6369076643246578
1920,30,0,3.215486494758904
1921,30,1,3.2196872124618494
1922,30,2,3.2195649737077283
1923,30,3,3.2152362056844908
1924,30,4,3.206901476146686
1925,30,5,3.194836499719244
1926,30,6,1.582636886840443
1927,30,7,1.6124638820759425
1928,30,8,1.6444038313116587
1929,30,9,1.678148284280622
1930,30,10,1.7133388769007232
1931,30,11,1.7495731875109972
1932,30,12,1.7864120614312768
1933,30,13,1.8233882307141878
1934,30,14,1.8600160096548144
1935,30,15,1.895801806746292
1936,30,16,1.9302551617788917
1937,30,17,1.9628999938778942
1938,30,18,1.9932857333623601
1939,30,19,2.020998007947257
1940,30,20,2.0456685622113655
1941,30,21,2.066984108250337
1942,30,22,2.084693834499963
1943,30,23,2.0986153379712693
1944,30,24,2.108638791386533
1945,30,25,2.114729209462527
1946,30,26,2.116926736140464
1947,30,27,2.1153449350241784
1948,30,28,2.1101671266624917
1949,30,29,2.101640876561881
1950,30,30,2.0900707949347703
1951,30,31,2.075809861270108
1952,30,32,2.0592495321155058
1953,30,33,2.040808927470266
1954,30,34,2.3751313136798635
1955,30,35,2.3556135272110055
1956,30,36,2.337444517897781
1957,30,37,2.320604202244421
1958,30,38,2.3050251404313595
1959,30,39,2.2906010174026603
1960,30,40,2.277196155006388
1961,30,41,2.264655634013397
1962,30,42,2.2528155961315246
1963,30,43,2.2415133055144265
1964,30,44,2.2305965757406216
1965,30,45,2.219932210081598
1966,30,46,2.209413157729046
1967,30,47,2.1989641536469753
1968,30,48,2.188545681632935
1969,30,49,2.1781561755953884
1970,30,50,2.1678324495314425
1971,30,51,2.157648418902005
1972,30,52,2.147712242014979
1973,30,53,1.7511999909853235
1974,30,54,1.7448847612978806
1975,30,55,1.7380775119917853
1976,30,56,1.7305405431241259
1977,30,57,1.7220625576733481
1978,30,58,1.7124644973994496
1979,30,59,1.7016040860013415
1980,30,60,1.6893789821955207
1981,30,61,1.6757284973418503
1982,30,62,1.6606338846174846
1983,30,64,1.6262392433748998
1984,31,0,3.2360095445282964
1985,31,1,3.239109146149852
1986,31,2,3.237885069976202
1987,31,3,3.232469757040093
1988,31,4,3.2230787674479213
1989,31,5,3.210001415238174
1990,31,6,1.5711275163261498
1991,31,7,1.6002552757035755
1992,31,8,1.631640571135757
1993,31,9,1.6649697277419566
1994,31,10,1.6998763430585464
1995,31,11,1.7359474588571897
1996,31,12,1.772731263289903
1997,31,13,1.8097461378024469
1998,31,14,1.8464908156043032
1999,31,15,1.882455377711411
2000,31,16,1.9171327801706681
2001,31,17,1.95003058324382
2002,31,18,1.9806825409653066
2003,31,19,2.008659708135152
2004,31,20,2.0335807316313934
2005,31,21,2.0551210137129523
2006,31,22,2.073020466141317
2007,31,23,2.087089614527595
2008,31,24,2.0972138610314013
2009,31,25,2.1033557688346236
2010,31,26,2.105555291888468
2011,31,27,2.103927936316194
2012,31,28,2.09866090347157
2013,31,29,2.090007326896365
2014,31,30,2.0782787742202053
2015,31,31,2.063836238445146
2016,31,32,2.0470798892765014
2017,31,33,2.028437892662817
2018,31,34,2.3755358158951387
2019,31,35,2.3562425925684796
2020,31,36,2.338346360330045
2021,31,37,2.321825621361102
2022,31,38,2.3066090937422317
2023,31,39,2.2925842331889785
2024,31,40,2.2796068764878115
2025,31,41,2.267511581657895
2026,31,42,2.256122227933753
2027,31,43,2.2452624450877856
2028,31,44,2.23476546550821
2029,31,45,2.224483032189039
2030,31,46,2.2142930490943384
2031,31,47,2.204105724421768
2032,31,48,2.193868028919731
2033,31,49,2.183566367194655
2034,31,50,2.1732274364086295
2035,31,51,2.162917320548178
2036,31,52,2.1527389364384244
2037,31,53,1.7399361346667266
2038,31,54,1.7337531470020608
2039,31,55,1.7270484881058656
2040,31,56,1.7195830037841071
2041,31,57,1.711145475669971
2042,31,58,1.7015584830459436
2043,31,59,1.690682916090324
2044,31,60,1.678421044360682
2045,31,61,1.6647180981612282
2046,31,62,1.6495623745228847
2047,31,64,1.6150519863226018
2048,32,0,3.2568643510004476
2049,32,1,3.2587977466545626
2050,32,2,3.2564119619193947
2051,32,3,3.249855737336467
2052,32,4,3.23935979300922
2053,32,5,3.2252270920252566
2054,32,6,1.559813024474875
2055,32,7,1.5882016045257275
2056,32,8,1.6189907251250806
2057,32,9,1.651862074942822
2058,32,10,1.686441871263019
2059,32,11,1.7223073328599345
2060,32,12,1.7589947426948427
2061,32,13,1.7960089029085538
2062,32,14,1.8328337356614866
2063,32,15,1.8689437417691883
2064,32,16,1.9038159963024652
2065,32,17,1.936942337585004
2066,32,18,1.967841394211548
2067,32,19,1.9960700943433018
2068,32,20,2.0212343127439505
2069,32,21,2.042998333534437
2070,32,22,2.0610928398143806
2071,32,23,2.0753211841019388
2072,32,24,2.085563744626499
2073,32,25,2.0917802302251642
2074,32,26,2.0940098590654963
2075,32,27,2.092369401594588
2076,32,28,2.087049143848697
2077,32,29,2.0783068913732583
2078,32,30,2.066460194372592
2079,32,31,2.0518770293273816
2080,32,32,2.0349652193721774
2081,32,33,2.0161609136555114
2082,32,34,2.375193141101823
2083,32,35,2.3561556384146742
2084,32,36,2.338564303486942
2085,32,37,2.3223962265494573
2086,32,38,2.307576300219577
2087,32,39,2.2939857763266414
2088,32,40,2.2814720346483597
2089,32,41,2.2698591350196655
2090,32,42,2.2589587091290815
2091,32,43,2.2485807517794547
2092,32,44,2.238543892693628
2093,32,45,2.2286847675625983
2094,32,46,2.2188661587643814
2095,32,47,2.2089836392764393
2096,32,48,2.1989705246050306
2097,32,49,2.1888010136542433
2098,32,50,2.1784914768649317
2099,32,51,2.1680999252603055
2100,32,52,2.157723764069457
2101,32,53,1.7284642300456243
2102,32,54,1.7223653645907646
2103,32,55,1.715718270857763
2104,32,56,1.7082832424238363
2105,32,57,1.6998499407205667
2106,32,58,1.6902432657915782
2107,32,59,1.6793278260532953
2108,32,60,1.6670109123464458
2109,32,61,1.6532439371170915
2110,32,62,1.6380223552356195
2111,32,64,1.6034069116512624
2112,33,0,3.277952419296516
2113,33,1,3.2786562846980414
2114,33,2,3.275050949939112
2115,33,3,3.267301721345465
2116,33,4,3.2556546233978736
2117,33,5,3.2404262913564845
2118,33,6,1.548746136067543
2119,33,7,1.5763556508710486
2120,33,8,1.6065067340652461
2121,33,9,1.6388770739057255
2122,33,10,1.6730862188613367
2123,33,11,1.7087023357255662
2124,33,12,1.745250614442904
2125,33,13,1.7822231106553819
2126,33,14,1.8190897668626262
2127,33,15,1.8553103107168587
2128,33,16,1.8903466958680921
2129,33,17,1.923675728156465
2130,33,18,1.9548015086923258
2131,33,19,1.983267325963045
2132,33,20,2.0086666416506405
2133,33,21,2.0306528390216014
2134,33,22,2.048947437846939
2135,33,23,2.0633465247380065
2136,33,24,2.0737252011133034
2137,33,25,2.080039911021916
2138,33,26,2.0823285757849215
2139,33,27,2.0807085297529424
2140,33,28,2.0753723191969193
2141,33,29,2.066581492211247
2142,33,30,2.0546585693324073
2143,33,31,2.039977440313648
2144,33,32,2.0229524803018584
2145,33,33,2.004026716958675
2146,33,34,2.3741112163088327
2147,33,35,2.355357395773548
2148,33,36,2.3380999036955554
2149,33,37,2.3223144485087976
2150,33,38,2.3079221438136277
2151,33,39,2.2947980943553214
2152,33,40,2.282781283590533
2153,33,41,2.271685330985518
2154,33,42,2.2613096688366556
2155,33,43,2.2514506889028567
2156,33,44,2.2419124278393285
2157,33,45,2.2325163958950487
2158,33,46,2.2231102034639094
2159,33,47,2.21357470217103
2160,33,48,2.2038294281075483
2161,33,49,2.1938362112006007
2162,33,50,2.1836008930119126
2163,33,51,2.1731731720468774
2164,33,52,2.1626446676897726
2165,33,53,2.1521453582827816
2166,33,54,1.7107787622979347
2167,33,55,1.7041441100381172
2168,33,56,1.6966985494793205
2169,33,57,1.688233436503828
2170,33,58,1.6785766831415394
2171,33,59,1.6675971700192722
2172,33,60,1.6552076160695832
2173,33,61,1.6413658697007518
2174,33,62,1.6260746427630006
2175,33,64,1.5913670772782567
2176,34,0,3.2991736662776523
2177,34,1,3.2985867658583143
2178,34,2,3.293706375704652
2179,34,3,3.2847146134732195
2180,34,4,3.271872928272493
2181,34,5,3.255511623760894
2182,34,6,1.5379781329757407
2183,34,7,1.564768914786722
2184,34,8,1.5942399207048257
2185,34,9,1.626065520431615
2186,34,10,1.6598593560861639
2187,34,11,1.695181368483531
2188,34,12,1.7315465243403179
2189,34,13,1.768435024473726
2190,34,14,1.8053037218424675
2191,34,15,1.8415984352021648
2192,34,16,1.8767668107577937
2193,34,17,1.9102713617165445
2194,34,18,1.9416023049393667
2195,34,19,1.970289815426682
2196,34,20,1.9959153332082653
2197,34,21,2.0181215829761916
2198,34,22,2.036621003732667
2199,34,23,2.051202332667811
2200,34,24,2.061735142937448
2201,34,25,2.0681721971834457
2202,34,26,2.070549545500941
2203,34,27,2.068984365913378
2204,34,28,2.0636706149827773
2205,34,29,2.0548726236613737
2206,34,30,2.0429168366504586
2207,34,31,2.0281819502846004
2208,34,32,2.0110877524311292
2209,34,33,1.9920830064919397
2210,34,34,2.372299732043976
2211,34,35,2.3538542566812946
2212,34,36,2.336956276004294
2213,34,37,2.321580174437221
2214,34,38,2.307643362628461
2215,34,39,2.2950148862791444
2216,34,40,2.283525425606668
2217,34,41,2.2729782505254863
2218,34,42,2.2631606750803166
2219,34,43,2.25385555220506
2220,34,44,2.2448523659684336
2221,34,45,2.2359575117778165
2222,34,46,2.227003403510362
2223,34,47,2.2178561075943986
2224,34,48,2.20842127458703
2225,34,49,2.198648215397135
2226,34,50,2.1885320484626827
2227,34,51,2.178113922415312
2228,34,52,2.1674793927535747
2229,34,53,2.156755097838336
2230,34,54,1.6990511174039609
2231,34,55,1.6923838846766983
2232,34,56,1.6848870320342724
2233,34,57,1.6763544344468784
2234,34,58,1.6666177119824253
2235,34,59,1.6555505709359322
2236,34,60,1.6430715592682943
2237,34,61,1.6291452040890309
2238,34,62,1.6137815573859817
2239,34,64,1.578997065128273
2240,35,0,3.320426900728473
2241,35,1,3.318490403044683
2242,35,2,3.312282085790253
2243,35,3,3.3020011014649393
2244,35,4,3.2879244191125223
2245,35,5,3.2703959798001505
2246,35,6,1.5275585291159375
2247,35,7,1.5534912908425376
2248,35,8,1.5822401704466698
2249,35,9,1.6134769444315873
2250,35,10,1.646810159481184
2251,35,11,1.681792408650754
2252,35,12,1.717929359940202
2253,35,13,1.754690306940792
2254,35,14,1.791519959005835
2255,35,15,1.8278511446806376
2256,35,16,1.8631180684958197
2257,35,17,1.8967697389075178
2258,35,18,1.9282831750093061
2259,35,19,1.9571760020874478
2260,35,20,1.9830180611618893
2261,35,21,2.005441684940397
2262,35,22,2.0241503312865254
2263,35,23,2.038925314147874
2264,35,24,2.0496304293439778
2265,35,25,2.056214336810312
2266,35,26,2.058710629739439
2267,35,27,2.057235592291896
2268,35,28,2.051983718821986
2269,35,29,2.043221136525111
2270,35,30,2.031277137786682
2271,35,31,2.016534086173818
2272,35,32,1.9994160090619282
2273,35,33,1.9803762287219855
2274,35,34,2.3697701015270045
2275,35,35,2.35165425178262
2276,35,36,2.3351380892962563
2277,35,37,2.3201947596042665
2278,35,38,2.306738075752506
2279,35,39,2.2946311433195463
2280,35,40,2.283696464395764
2281,35,41,2.2737270828053857
2282,35,42,2.2644983081333625
2283,35,43,2.2557795507010465
2284,35,44,2.24734581310421
2285,35,45,2.2389884150585933
2286,35,46,2.2305245751397464
2287,35,47,2.2218055329864344
2288,35,48,2.212722965610334
2289,35,49,2.2032135282428107
2290,35,50,2.1932614301145033
2291,35,51,2.182899035174403
2292,35,52,2.1722055536508154
2293,35,53,2.161303959494221
2294,35,54,1.6872402843856724
2295,35,55,1.6804957394480988
2296,35,56,1.6729072372551022
2297,35,57,1.6642720029697822
2298,35,58,1.6544260624524598
2299,35,59,1.643248497947282
2300,35,60,1.630664079363614
2301,35,61,1.6166442425878271
2302,35,62,1.6012064459309199
2303,35,64,1.5663624634997677
2304,36,0,3.3416103115650224
2305,36,1,3.33826809539294
2306,36,2,3.330681900171067
2307,36,3,3.3190681134568223
2308,36,4,3.3037192938383177
2309,36,5,3.2849929613400515
2310,36,6,1.5175347598000957
2311,36,7,1.5425707578386931
2312,36,8,1.5705556234197446
2313,36,9,1.601159306099143
2314,36,10,1.6339861136257787
2315,36,11,1.6685822186687655
2316,36,12,1.704444966558871
2317,36,13,1.7410337439539065
2318,36,14,1.7777821151590287
2319,36,15,1.8141108885429826
2320,36,16,1.8494417416608708
2321,36,17,1.883211011549828
2322,36,18,1.9148832470443877
2323,36,19,1.943964123282122
2324,36,20,1.9700123348202172
2325,36,21,1.9926501125046807
2326,36,22,2.011572049546924
2327,36,23,2.026551972892278
2328,36,24,2.0374476552832617
2329,36,25,2.0442032294995593
2330,36,26,2.0468492369356253
2331,36,27,2.045500315634022
2332,36,28,2.0403506057254917
2333,36,29,2.0316670205335443
2334,36,30,2.0197805970635683
2335,36,31,2.0050761980582683
2336,36,32,1.987980887343141
2337,36,33,1.968951339190762
2338,36,34,2.366535417348497
2339,36,35,2.34876702559518
2340,36,36,2.3326515592064303
2341,36,37,2.3181610368406154
2342,36,38,2.305205808101292
2343,36,39,2.293643187762227
2344,36,40,2.283287656447957
2345,36,41,2.2739221875373077
2346,36,42,2.265310232173298
2347,36,43,2.2572078858967726
2348,36,44,2.2493757712687543
2349,36,45,2.2415901997847945
2350,36,46,2.2336532215454805
2351,36,47,2.225401230024776
2352,36,48,2.216711858861323
2353,36,49,2.2075089845245754
2354,36,50,2.197765729428368
2355,36,51,2.18750544101173
2356,36,52,2.1768007000593523
2357,36,53,2.1657704829696223
2358,36,54,1.6754038475578155
2359,36,55,1.6685377250112543
2360,36,56,1.6608177792474355
2361,36,57,1.652045419702828
2362,36,58,1.6420617744159125
2363,36,59,1.6307518461017052
2364,36,60,1.6180470094842836
2365,36,61,1.6039258251885893
2366,36,62,1.5884132062264942
2367,36,64,1.5535293521394735
2368,37,0,3.362621961569289
2369,37,1,3.3578209111297594
2370,37,2,3.348810083178301
2371,37,3,3.335823276031231
2372,37,4,3.319168681037502
2373,37,5,3.2992173110931073
2374,37,6,1.5079518881194085
2375,37,7,1.5320530840591187
2376,37,8,1.5592323805643058
2377,37,9,1.589158704534544
2378,37,10,1.6214330237386618
2379,37,11,1.6555960636530882
2380,37,12,1.6911378710633511
2381,37,13,1.7275089751796204
2382,37,14,1.7641328429856231
2383,37,15,1.8004192807397617
2384,37,16,1.83577839955873
2385,37,17,1.8696347410621255
2386,37,18,1.9014411499662405
2387,37,19,1.9306919846804629
2388,37,20,1.956935274328207
2389,37,21,1.9797834606873734
2390,37,22,1.9989224053927492
2391,37,23,2.0141183950335857
2392,37,24,2.0252229378258155
2393,37,25,2.032175213352083
2394,37,26,2.0350021092232478
2395,37,27,2.033815853044323
2396,37,28,2.028809322311459
2397,37,29,2.0202491863780683
2398,37,30,2.0084671010518873
2399,37,31,1.9938492355371435
2400,37,32,1.9768244613798323
2401,37,33,2.3816826253127577
2402,37,34,2.36261040569192
2403,37,35,2.34520380937122
2404,37,36,2.3295044386724992
2405,37,37,2.3154833236850743
2406,37,38,2.3030475129335777
2407,37,39,2.2920487094914646
2408,37,40,2.2822935601336316
2409,37,41,2.2735551550607176
2410,37,42,2.265585264707242
2411,37,43,2.2581268288421534
2412,37,44,2.2509262213948658
2413,37,45,2.243744841171955
2414,37,46,2.236369622086408
2415,37,47,2.228622114260924
2416,37,48,2.2203658564193236
2417,37,49,2.2115118369987266
2418,37,50,2.202021922840702
2419,37,51,2.1919102165500983
2420,37,52,2.181242383166941
2421,37,53,2.1701330604791673
2422,37,54,1.663598780932388
2423,37,55,1.6565674451698849
2424,37,56,1.648676972395065
2425,37,57,1.639733789923798
2426,37,58,1.629584819986812
2427,37,59,1.618121522043892
2428,37,60,1.6052822465262764
2429,37,61,1.5910528793343963
2430,37,62,1.5754658180742487
2431,37,64,1.5405637948287307
2432,38,0,3.383360284109925
2433,38,1,3.3770505719213224
2434,38,2,3.36657181448811
2435,38,3,3.3521753709132813
2436,38,4,3.334185081503277
2437,38,5,3.312985338209273
2438,38,6,1.4988523308178465
2439,38,7,1.5219815505490744
2440,38,8,1.548314226217485
2441,38,9,1.5775191013046042
2442,38,10,1.6091947416296586
2443,38,11,1.6428774409012323
2444,38,12,1.6780510158465527
2445,38,13,1.7141582331593284
2446,38,14,1.7506135557084865
2447,38,15,1.7868168502033075
2448,38,16,1.8221676644038363
2449,38,17,1.8560796602204586
2450,38,18,1.8879947804733768
2451,38,19,1.9173967320507181
2452,38,20,1.9438233866267889
2453,38,21,1.966877731438914
2454,38,22,1.9862370458937992
2455,38,23,2.001660033598568
2456,38,24,2.012991702044069
2457,38,25,2.020165851564576
2458,38,26,2.0232051090831455
2459,38,27,2.022218518095753
2460,38,28,2.017396771849154
2461,38,29,2.0090052492400625
2462,38,30,1.9973750802189296
2463,38,31,1.9828925272130877
2464,38,32,1.965987019339829
2465,38,33,2.3767649917569247
2466,38,34,2.358011378122355
2467,38,35,2.3409773914738876
2468,38,36,2.325706005939855
2469,38,37,2.312167426922556
2470,38,38,2.300265591698451
2471,38,39,2.2898467998044283
2472,38,40,2.280710082036514
2473,38,41,2.2726188636522817
2474,38,42,2.2653134432370328
2475,38,43,2.2585237944661505
2476,38,44,2.251982203598684
2477,38,45,2.2454352800520563
2478,38,46,2.2386549191381566
2479,38,47,2.2314478526103905
2480,38,48,2.2236634911519384
2481,38,49,2.215199839998237
2482,38,50,2.2060073509647022
2483,38,51,2.1960906576094197
2484,38,52,2.1855082215658013
2485,38,53,2.1743699939555268
2486,38,54,1.65188111791812
2487,38,55,1.6446417136328815
2488,38,56,1.6365424741299899
2489,38,57,1.6273956743456268
2490,38,58,1.6170547154253316
2491,38,59,1.6054180392170563
2492,38,60,1.592431328985153
2493,38,61,1.5780879798528809
2494,38,62,1.562427884914729
2495,38,64,1.5275313441232456
2496,39,0,3.403724580279797
2497,39,1,3.395859936199952
2498,39,2,3.383873657705285
2499,39,3,3.3680347879412227
2500,39,4,3.34868280479232
2501,39,5,3.326215337701433
2502,39,6,1.4902756059075728
2503,39,7,1.5123966947076775
2504,39,8,1.5378423695152688
2505,39,9,1.5662820612674249
2506,39,10,1.5973129073324526
2507,39,11,1.6304678234867191
2508,39,12,1.6652255053049518
2509,39,13,1.701022093367866
2510,39,14,1.7372641812116667
2511,39,15,1.773342799314471
2512,39,16,1.80864797422914
2513,39,17,1.8425834404464632
2514,39,18,1.8745810745022768
2515,39,19,1.9041146265713749
2516,39,20,1.9307123442007326
2517,39,21,1.9539681153436148
2518,39,22,1.9735508024404864
2519,39,23,1.9892114945187773
2520,39,24,2.0007884683564026
2521,39,25,2.008209720577784
2522,39,26,2.011493007800127
2523,39,27,2.0107434091456877
2524,39,28,2.006148502039896
2525,39,29,1.9979713157032926
2526,39,30,1.9865412947017038
2527,39,31,1.9722435651168562
2528,39,32,1.9555068463772383
2529,39,33,2.3711848370077533
2530,39,34,2.352756180953203
2531,39,35,2.336102085176415
2532,39,36,2.3212670498353263
2533,39,37,2.30822064424398
2534,39,38,2.296863910871399
2535,39,39,2.287037982101821
2536,39,40,2.2785345200770304
2537,39,41,2.2711075335725024
2538,39,42,2.264486088645981
2539,39,43,2.2583874126618544
2540,39,44,2.252529894278826
2541,39,45,2.2466455042770734
2542,39,46,2.2404912020839833
2543,39,47,2.2338589482247695
2544,39,48,2.2265840107921324
2545,39,49,2.2185513310875207
2546,39,50,2.2096997962631817
2547,39,51,2.2000243514241316
2548,39,52,2.1895759666449512
2549,39,53,2.178459552367546
2550,39,54,1.6403056333515602
2551,39,55,1.6328162230171712
2552,39,56,1.6244709399396493
2553,39,57,1.6150887292358287
2554,39,58,1.6045301455741594
2555,39,59,1.592701125938197
2556,39,60,1.5795550281276067
2557,39,61,1.5650929228326047
2558,39,62,1.5493621901811256
2559,39,64,1.514496562677156
2560,40,0,3.423615513865347
2561,40,1,3.41415347895434
2562,40,2,3.40062402410203
2563,40,3,3.3833139719495637
2564,40,4,3.3625783985236724
2565,40,5,3.3388280015131184
2566,40,6,1.4822581040513059
2567,40,7,1.503336076274985
2568,40,8,1.5278552067322952
2569,40,9,1.5554865128139712
2570,40,10,1.5858267085906588
2571,40,11,1.6184064201233501
2572,40,12,1.6527003670074938
2573,40,13,1.688139237412291
2574,40,14,1.7241229278029135
2575,40,15,1.7600347725846632
2576,40,16,1.795256354681494
2577,40,17,1.8291824667664123
2578,40,18,1.8612357852770107
2579,40,19,1.8908808257960397
2580,40,20,1.9176367687028675
2581,40,21,1.9410887775880132
2582,40,22,1.9608974787023712
2583,40,23,1.9768063262057147
2584,40,24,1.98864664334313
2585,40,25,1.9963402017700589
2586,40,26,1.9998992776958666
2587,40,27,1.9994242018043242
2588,40,28,1.9950984974577892
2589,40,29,1.9871817759477317
2590,40,30,1.9760006260785858
2591,40,31,1.9619377959227609
2592,40,32,1.9454200151931658
2593,40,33,2.3649649952582283
2594,40,34,2.3468641421921
2595,40,35,2.3305936937858043
2596,40,36,2.3161998521211165
2597,40,37,2.303651762759663
2598,40,38,2.292847815441691
2599,40,39,2.2836242390590966
2600,40,40,2.2757656029835966
2601,40,41,2.2690167773718963
2602,40,42,2.263095864806835
2603,40,43,2.2577075956096446
2604,40,44,2.2525566795301937
2605,40,45,2.2473606265773034
2606,40,46,2.241861587966949
2607,40,47,2.235836822300175
2608,40,48,2.2291074592964177
2609,40,49,2.221545310412882
2610,40,50,2.2130775589007077
2611,40,51,2.2036892475908325
2612,40,52,2.1934235673282036
2613,40,53,2.1823800290602815
2614,40,54,1.6289255401953238
2615,40,55,1.621145228572439
2616,40,56,1.6125176932465433
2617,40,57,1.6028693616698142
2618,40,58,1.5920686038139749
2619,40,59,1.5800293495113251
2620,40,60,1.5667129558603423
2621,40,61,1.5521283170002205
2622,40,62,1.536330272101319
2623,40,64,1.501522565325921
2624,41,0,3.442935601560692
2625,41,1,3.4318377654739334
2626,41,2,3.41673362908407
2627,41,3,3.3979278612227617
2628,41,4,3.375791068165728
2629,41,5,3.350746819068328
2630,41,6,1.4748328854900377
2631,41,7,1.4948340675617002
2632,41,8,1.518388106465146
2633,41,9,1.5451685294788784
2634,41,10,1.574772660186716
2635,41,11,1.6067299533178423
2636,41,12,1.6405123295952073
2637,41,13,1.6755462314253937
2638,41,14,1.7112260636811825
2639,41,15,1.7469286376228914
2640,41,16,1.7820282017739106
2641,41,17,1.8159116225109897
2642,41,18,1.847993270013224
2643,41,19,1.8777291723310843
2644,41,20,1.9046300215060767
2645,41,21,1.9282726502371974
2646,41,22,1.9483096444451067
2647,41,23,1.9644768147066076
2648,41,24,1.9765983160348912
2649,41,25,1.9845892786793076
2650,41,26,1.9884558901014415
2651,41,27,1.988292947497309
2652,41,28,1.9842789785681425
2653,41,29,1.9766691031164654
2654,41,30,1.9657858770027288
2655,41,31,1.9520084207876156
2656,41,32,1.9357601860339064
2657,41,33,2.358129695472183
2658,41,34,2.3403560160591788
2659,41,35,2.32446947298872
2660,41,36,2.310518166740792
2661,41,37,2.2984710541021722
2662,41,38,2.2882241387218376
2663,41,39,2.2796090358947922
2664,41,40,2.272403525685281
2665,41,41,2.266343645998518
2666,41,42,2.261136833932467
2667,41,43,2.256475600850997
2668,41,44,2.252051224387191
2669,41,45,2.2475669584020985
2670,41,46,2.242750298354305
2671,41,47,2.2373638924060435
2672,41,48,2.2312147551103294
2673,41,49,2.224161517425453
2674,41,50,2.2161195305100994
2675,41,51,2.207063727546067
2676,41,52,2.1970292340283186
2677,41,53,2.186109799062648
2678,41,54,1.6177922030599614
2679,41,55,1.6096812489192778
2680,41,56,1.600736412598304
2681,41,57,1.5907924025130682
2682,41,58,1.5797260502991843
2683,41,59,1.5674597593140442
2684,41,60,1.55396319241258
2685,41,61,1.5392531959007594
2686,41,62,1.5233920204403297
2687,41,64,1.4886705858038263
2688,42,0,3.4615896958510164
2689,42,1,3.4488219165562497
2690,42,2,3.432115938981077
2691,42,3,3.4117943152084553
2692,42,4,3.388243085095859
2693,42,5,3.361898465186897
2694,42,6,1.4680295040308582
2695,42,7,1.4869216695200391
2696,42,8,1.5094732193301605
2697,42,9,1.5353611346537925
2698,42,10,1.5641844048999405
2699,42,11,1.5954724576420318
2700,42,12,1.6286956192802884
2701,42,13,1.6632773215539063
2702,42,14,1.6986077120346317
2703,42,15,1.7340582803339366
2704,42,16,1.7689970775570876
2705,42,17,1.8028040857305898
2706,42,18,1.8348862872600407
2707,42,19,1.8646919922149794
2708,42,20,1.8917240031741902
2709,42,21,1.9155512328092692
2710,42,22,1.935818437191866
2711,42,23,1.9522537864195129
2712,42,24,1.9646740616415928
2713,42,25,1.9729873417073784
2714,42,26,1.977193121005985
2715,42,27,1.9773798800380928
2716,42,28,1.9737202092144535
2717,42,29,1.966463661718483
2718,42,30,1.955927580528546
2719,42,31,1.9424862056100678
2720,42,32,1.926558417886353
2721,42,33,2.3507044852923333
2722,42,34,2.333253925065179
2723,42,35,2.31774809031634
2724,42,36,2.3042371957727017
2725,42,37,2.2926902658627357
2726,42,38,2.283001208162235
2727,42,39,2.27499733936876
2728,42,40,2.2684499802193447
2729,42,41,2.263086670271923
2730,42,42,2.258604507216986
2731,42,43,2.2546840896540323
2732,42,44,2.251003537441384
2733,42,45,2.247252079302243
2734,42,46,2.2431427319972252
2735,42,47,2.238423646950417
2736,42,48,2.2328877659988784
2737,42,49,2.226380504683613
2738,42,50,2.2188052656364357
2739,42,51,2.210126672399647
2740,42,52,2.2003715017099723
2741,42,53,2.189627376326649
2742,42,54,1.6069548705058465
2743,42,55,1.5984747858822899
2744,42,56,1.589178838385444
2745,42,57,1.5789107994947253
2746,42,58,1.5675565909902145
2747,42,59,1.5550475515346986
2748,42,60,1.5413619366760796
2749,42,61,1.5265246538959558
2750,42,62,1.5106052983719056
2751,42,64,1.4759995716348027
2752,43,0,3.479485458015033
2753,43,1,3.4650180627172267
2754,43,2,3.446687605795757
2755,43,3,3.424834529222511
2756,43,4,3.3998601807663023
2757,43,5,3.3722131733035625
2758,43,6,1.4618738593319476
2759,43,7,1.4796263549896105
2760,43,8,1.5011393135959874
2761,43,9,1.5260941309002587
2762,43,10,1.554092537658882
2763,43,11,1.5846650997500162
2764,43,12,1.6172817766231593
2765,43,13,1.651364248266563
2766,43,14,1.6862996635351004
2767,43,15,1.7214554161490772
2768,43,16,1.7561945205420553
2769,43,17,1.789891139183637
2770,43,18,1.8219458067585823
2771,43,19,1.8517999048948353
2772,43,20,1.8789489637596914
2773,43,21,1.9029544030638572
2774,43,22,1.9234533736486674
2775,43,23,1.9401664202860935
2776,43,24,1.9529027546344833
2777,43,25,1.961563002208987
2778,43,26,1.966139366268241
2779,43,27,1.966713232076501
2780,43,28,1.9634503144154811
2781,43,29,1.9565935268793182
2782,43,30,1.9464538209093476
2783,43,31,1.9333993034504326
2784,43,32,1.917842992569296
2785,43,33,2.342716153048648
2786,43,34,2.3255812996336194
2787,43,35,2.3104495816268025
2788,43,36,2.2973735619132154
2789,43,37,2.2863226091170032
2790,43,38,2.277188846870379
2791,43,39,2.2697956321636776
2792,43,40,2.263908181771338
2793,43,41,2.2592458973161644
2794,43,42,2.255495890345173
2795,43,43,2.2523271802442504
2796,43,44,2.2494050304125386
2797,43,45,2.2464049014479177
2798,43,46,2.24302553290387
2799,43,47,2.239000715432304
2800,43,48,2.234109380132887
2801,43,49,2.228183708473135
2802,43,50,2.221115050650446
2803,43,51,2.212857528974272
2804,43,52,2.203429291975593
2805,43,53,2.192911470878928
2806,43,54,1.5964604278628574
2807,43,55,1.587574065269894
2808,43,56,1.5778945010622567
2809,43,57,1.5672753324803663
2810,43,58,1.5556121797300362
2811,43,59,1.5428457579537833
2812,43,60,1.5289631817472351
2813,43,61,1.5139975086793962
2814,43,62,1.498025592334212
2815,43,64,1.4635658103640086
2816,44,0,3.49653381873512
2817,44,1,3.4803417849891476
2818,44,2,3.4603688875958767
2819,44,3,3.4369734339334355
2820,44,4,3.4105719248703985
2821,44,5,3.3816250919943203
2822,44,6,1.4563880784331789
2823,44,7,1.472971940175228
2824,44,8,1.4934116379068045
2825,44,9,1.5173939551083429
2826,44,10,1.5445244542163308
2827,44,11,1.574336021543294
2828,44,12,1.606299495058325
2829,44,13,1.6398360810141859
2830,44,14,1.674331207816513
2831,44,15,1.7091494189263294
2832,44,16,1.743649872554871
2833,44,17,1.7772019956174654
2834,44,18,1.8092008335698258
2835,44,19,1.839081646580606
2836,44,20,1.8663333257310077
2837,44,21,1.8905102398241622
2838,44,22,1.9112421727240183
2839,44,23,1.928242071297614
2840,44,24,1.9413113930159824
2841,44,25,1.9503429177928018
2842,44,26,1.9553209682055326
2843,44,27,1.9563190632190002
2844,44,28,1.9534951102428815
2845,44,29,1.9470843161792621
2846,44,30,1.9373900675698013
2847,44,31,1.9247730907738578
2848,44,32,1.9096392533382298
2849,44,33,2.3341926479391284
2850,44,34,2.3173628152506045
2851,44,35,2.3025953045088294
2852,44,36,2.2899452773224462
2853,44,37,2.2793827418114123
2854,44,38,2.2707983705541395
2855,44,39,2.264011922327391
2856,44,40,2.2587828894935105
2857,44,41,2.254822921575656
2858,44,42,2.251809523481954
2859,44,43,2.249400495509635
2860,44,44,2.24724857228895
2861,44,45,2.245015728913686
2862,44,46,2.2423866534811494
2863,44,47,2.2390809341679887
2864,44,48,2.2348635731566913
2865,44,49,2.2295535160154656
2866,44,50,2.223029969951996
2867,44,51,2.215236373927129
2868,44,52,2.2061819741084014
2869,44,53,2.1959410458804096
2870,44,54,1.5863531720712358
2871,44,55,1.5770248002060718
2872,44,56,1.5669304725866453
2873,44,57,1.5559343527780338
2874,44,58,1.5439423453235281
2875,44,59,1.530904960858022
2876,44,60,1.5168184178931978
2877,44,61,1.5017239926664252
2878,44,62,1.4857056923645797
2879,44,64,1.4514225898969082
2880,45,0,3.512649423855928
2881,45,1,3.4947125399479284
2882,45,2,3.473084052295702
2883,45,3,3.448140077480687
2884,45,4,3.4203120854748668
2885,45,5,3.390072622889706
2886,45,6,1.451590427184394
2887,45,7,1.466978485127495
2888,45,8,1.4863118119773708
2889,45,9,1.5092835604845845
2890,45,10,1.535504225425589
2891,45,11,1.5645102076505313
2892,45,12,1.5957744824170723
2893,45,13,1.6287190745648823
2894,45,14,1.6627289853291611
2895,45,15,1.6971671689749968
2896,45,16,1.7313901235349718
2897,45,17,1.7647636399040791
2898,45,18,1.796678248078657
2899,45,19,1.826563908622109
2900,45,20,1.8539035212062447
2901,45,21,1.8782448595344168
2902,45,22,1.899210591862955
2903,45,23,1.9165061070452527
2904,45,24,1.9299249355122683
2905,45,25,1.9393516305662948
2906,45,26,1.9447620552810982
2907,45,27,1.9462211015236996
2908,45,28,1.9438779474575911
2909,45,29,1.9379590357258984
2910,45,30,1.9287590238622623
2911,45,31,1.9166300190824161
2912,45,32,1.9019694595209924
2913,45,33,2.325162998450734
2914,45,34,2.3086243271276548
2915,45,35,2.294207888517989
2916,45,36,2.2819717086786917
2917,45,37,2.2718867478001936
2918,45,38,2.263842579632239
2919,45,39,2.2576557474817887
2920,45,40,2.253080421779062
2921,45,41,2.2498209100725757
2922,45,42,2.247545515390896
2923,45,43,2.24590120482827
2924,45,44,2.2445285376928323
2925,45,45,2.2430763114020027
2926,45,46,2.2412154124397827
2927,45,47,2.238651407216033
2928,45,48,2.235135470998281
2929,45,49,2.23047332906699
2930,45,50,2.2245319693130936
2931,45,51,2.2172439758533056
2932,45,52,2.2086094250259145
2933,45,53,2.198695374602773
2934,45,54,1.5766746097995334
2935,45,55,1.5668699783589188
2936,45,56,1.5563311425203368
2937,45,57,1.5449335480219684
2938,45,58,1.5325939452725437
2939,45,59,1.51927303585229
2940,45,60,1.5049763648222663
2941,45,61,1.4897534752554837
2942,45,62,1.4736954050264883
2943,45,64,1.439619895287401
2944,46,0,3.527751062897704
2945,46,1,3.5080540666814914
2946,46,2,3.4847617626476044
2947,46,3,3.458267988159894
2948,46,4,3.4290189691662305
2949,46,5,3.3974987381407833
2950,46,6,1.4474952519225908
2951,46,7,1.4616622237048862
2952,46,8,1.4798577458588464
2953,46,9,1.5017823260814367
2954,46,10,1.5270524979367246
2955,46,11,1.555209378140812
2956,46,12,1.585729346459713
2957,46,13,1.6180365481146919
2958,46,14,1.6515168607516622
2959,46,15,1.685532921461451
2960,46,16,1.7194397756028232
2961,46,17,1.752600689418528
2962,46,18,1.7844026633171255
2963,46,19,1.8142711923998882
2964,46,20,1.8416838450250759
2965,46,21,1.866182268117397
2966,46,22,1.8873822782850338
2967,46,23,1.904981758921117
2968,46,24,1.9187661533034475
2969,46,25,1.928611419939287
2970,46,26,1.9344843964964467
2971,46,27,1.936440599960317
2972,46,28,1.9346195704707803
2973,46,29,1.9292379419947894
2974,46,30,1.920580492101815
2975,46,31,1.9089894833856915
2976,46,32,1.8948526585827936
2977,46,33,2.3156572290861415
2978,46,34,2.299392802367584
2979,46,35,2.2853111821679435
2980,46,36,2.2734735383046565
2981,46,37,2.2638521113453827
2982,46,38,2.2563357462823186
2983,46,39,2.2507381735353253
2984,46,40,2.2468086657048696
2985,46,41,2.2442446216025833
2986,46,42,2.2427055713709754
2987,46,43,2.2418280597082476
2988,46,44,2.241240849168776
2989,46,45,2.2405798921186286
2990,46,46,2.2395025471981933
2991,46,47,2.2377005622646204
2992,46,48,2.234911408219065
2993,46,49,2.230927623744737
2994,46,50,2.225603916238001
2995,46,51,2.218861855293881
2996,46,52,2.2106920881143375
2997,46,53,2.201154097341283
2998,46,54,1.5674632798382104
2999,46,55,1.557149674139991
3000,46,56,1.5461380199452945
3001,46,57,1.5343157338770022
3002,46,58,1.5216109475007862
3003,46,59,1.5079949239975092
3004,46,60,1.4934827347822008
3005,46,61,1.4781322175803568
3006,46,62,1.4620413006431958
3007,46,64,1.4282041438721533
3008,47,0,3.5417620780088606
3009,47,1,3.5202947734931604
3010,47,2,3.495335440350545
3011,47,3,3.467295515697467
3012,47,4,3.436635739352339
3013,47,5,3.403851275699546
3014,47,6,1.4441129514472195
3015,47,7,1.4570355232011898
3016,47,8,1.4740635880877115
3017,47,9,1.4949059943030647
3018,47,10,1.5191864218643525
3019,47,11,1.546451907132759
3020,47,12,1.5761835051847228
3021,47,13,1.6078087880400453
3022,47,14,1.6407158189197635
3023,47,15,1.674268196241742
3024,47,16,1.7078207275221051
3025,47,17,1.740735273857685
3026,47,18,1.7723963008696955
3027,47,19,1.8022256820499243
3028,47,20,1.829696325027656
3029,47,21,1.854344229541157
3030,47,22,1.875778636566801
3031,47,23,1.8936899894326553
3032,47,24,1.9078554977668751
3033,47,25,1.918142171465207
3034,47,26,1.924507271961931
3035,47,27,1.9269962092933148
3036,47,28,1.9257379930638487
3037,47,29,1.9209384208407023
3038,47,30,1.9128712562425805
3039,47,31,1.9018677088255393
3040,47,32,1.8883045768834075
3041,47,33,2.305706275462121
3042,47,34,2.2896962496305227
3043,47,35,2.2759301966127166
3044,47,36,2.264472721248314
3045,47,37,2.2552976869175536
3046,47,38,2.2482935962272883
3047,47,39,2.2432717876709978
3048,47,40,2.2399770803935795
3049,47,41,2.2381004196066225
3050,47,42,2.237293014743804
3051,47,43,2.237181422973717
3052,47,44,2.237383013137549
3053,47,45,2.237521249557005
3054,47,46,2.2372402605628188
3055,47,47,2.2362182012845735
3056,47,48,2.234178981736867
3057,47,49,2.2309020064462035
3058,47,50,2.226229657245365
3059,47,51,2.2200723425932054
3060,47,52,2.2124110309296037
3061,47,53,2.203297278291744
3062,47,54,1.5587546005032402
3063,47,55,1.5479008866702588
3064,47,56,1.536389562058758
3065,47,57,1.5241206734966248
3066,47,58,1.511034241074881
3067,47,59,1.4971124343558233
3068,47,60,1.4823800276430352
3069,47,61,1.4669031609843615
3070,47,62,1.4507864961415655
3071,47,64,1.4172179601900614
3072,48,0,3.554610751133238
3073,48,1,3.5313681022282197
3074,48,2,3.5047436072794613
3075,48,3,3.4751661492373076
3076,48,4,3.4431107109627637
3077,48,5,3.40908321078067
3078,48,6,1.441449979042926
3079,48,7,1.4531068735277102
3080,48,8,1.4689397027423678
3081,48,9,1.4886666365423111
3082,48,10,1.511919605706995
3083,48,11,1.538252767699678
3084,48,12,1.5671531224296773
3085,48,13,1.598052974915945
3086,48,14,1.6303438839988609
3087,48,15,1.6633916899443082
3088,48,16,1.696552180469164
3089,48,17,1.729186935494105
3090,48,18,1.760678886429112
3091,48,19,1.7904471361561982
3092,48,20,1.8179606107309956
3093,48,21,1.8427501523323686
3094,48,22,1.864418713843344
3095,48,23,1.8826493769321966
3096,48,24,1.897210985552301
3097,48,25,1.9079612630454381
3098,48,26,1.9148473609674446
3099,48,27,1.9179038686967442
3100,48,28,1.9172483921530388
3101,48,29,1.9130748849330044
3102,48,30,1.9056449834086497
3103,48,31,1.895277656620593
3104,48,32,1.8823375302376912
3105,48,33,2.2953418978478273
3106,48,34,2.2795636463069227
3107,48,35,2.2660910459725874
3108,48,36,2.2549924382240816
3109,48,37,2.246243664163462
3110,48,38,2.239733285094055
3111,48,39,2.235270685419139
3112,48,40,2.232596694086894
3113,48,41,2.23139627850006
3114,48,42,2.2313128016687402
3115,48,43,2.2319632912769043
3116,48,44,2.2329541493034073
3117,48,45,2.2338967329934785
3118,48,46,2.2344222615052582
3119,48,47,2.2341955457912874
3120,48,48,2.232927099791858
3121,48,49,2.2303832657625327
3122,48,50,2.2263940720034117
3123,48,51,2.2208586335698572
3124,48,52,2.2137480017638613
3125,48,53,2.2051054624249553
3126,48,54,1.550580742516259
3127,48,55,1.5391574040265072
3128,48,56,1.5271210300118174
3129,48,57,1.5143849253533206
3130,48,58,1.5009014765953637
3131,48,59,1.4866640776721278
3132,48,60,1.4717073587479579
3133,48,61,1.4561057500525518
3134,48,62,1.4399704743917177
3135,48,64,1.4066999916593568
3136,49,0,3.5662306672705095
3137,49,1,3.5412128682174346
3138,49,2,3.5129302019477233
3139,49,3,3.481828810272701
3140,49,4,3.448397619904227
3141,49,5,3.413152901985598
3142,49,6,1.4395088740046056
3143,49,7,1.4498809055488822
3144,49,8,1.4644926751461826
3145,49,9,1.4830726468239004
3146,49,10,1.5052620985253145
3147,49,11,1.5306235032058189
3148,49,12,1.5586510690219912
3149,49,13,1.5887831351754926
3150,49,14,1.6204160623875443
3151,49,15,1.6529192108952984
3152,49,16,1.6856505658002543
3153,49,17,1.7179725506456887
3154,49,18,1.7492675658654058
3155,49,19,1.7789527993463479
3156,49,20,1.8064938814011033
3157,49,21,1.8314169950875918
3158,49,22,1.8533191037226908
3159,49,23,1.8718760188870913
3160,49,24,1.8868481021349717
3161,49,25,1.8980834696525957
3162,49,26,1.9055186487078757
3163,49,27,1.9091767152436345
3164,49,28,1.9091630207195693
3165,49,29,1.905658690704615
3166,49,30,1.898912145328655
3167,49,31,1.889228950331229
3168,49,32,2.3023676351331575
3169,49,33,2.2845965932160266
3170,49,34,2.269024863216607
3171,49,35,2.2558208842752916
3172,49,36,2.2450570443453834
3173,49,37,2.2367115279377963
3174,49,38,2.2306733692146836
3175,49,39,2.2267504516644365
3176,49,40,2.2246800947652052
3177,49,41,2.2241417832861425
3178,49,42,2.224771529110335
3179,49,43,2.226177310763492
3180,49,44,2.2279550133500967
3181,49,45,2.229704291540779
3182,49,46,2.231043799899874
3183,49,47,2.2316252765987032
3184,49,48,2.231146026060855
3185,49,49,2.229359420314827
3186,49,50,2.2260831242739108
3187,49,51,2.2212048429837794
3188,49,52,2.214685485086985
3189,49,53,2.206559732394895
3190,49,54,1.5429705275596468
3191,49,55,1.5309496939996146
3192,49,56,1.5183643722583624
3193,49,57,1.5051417197446413
3194,49,58,1.4912469365977354
3195,49,59,1.4766849315677242
3196,49,60,1.4615003199414418
3197,49,61,1.4457757906414028
3198,49,62,1.4296289405082296
3199,49,64,1.396684765515805
3200,50,0,3.576561051822855
3201,50,1,3.5497735739481246
3202,50,2,3.519844869433385
3203,50,3,3.4872381188765385
3204,50,4,3.452455865748506
3205,50,5,3.416024310692218
3206,50,6,1.438288321833764
3207,50,7,1.447358437886001
3208,50,8,1.4607253456750378
3209,50,9,1.4781287630525926
3210,50,10,1.499220399115457
3211,50,11,1.5235722249438457
3212,50,12,1.5506869094791884
3213,50,13,1.5800101175351313
3214,50,14,1.610944309595524
3215,50,15,1.6428636372424026
3216,50,16,1.675129495277781
3217,50,17,1.7071062729196806
3218,50,18,1.7381768424550466
3219,50,19,1.7677573345164599
3220,50,20,1.795310774315863
3221,50,21,1.8203591918356115
3222,50,22,1.8424938698132758
3223,50,23,1.8613834546262533
3224,50,24,1.876779724806568
3225,50,25,1.8885208875450066
3226,50,26,1.896532352636578
3227,50,27,1.900825013233005
3228,50,28,1.901491140847512
3229,50,29,1.8986980757258456
3230,50,30,1.8926799605452844
3231,50,31,1.8837278232679857
3232,50,32,2.2911523778018696
3233,50,33,2.273503505887221
3234,50,34,2.2581105868674474
3235,50,35,2.2451478390058384
3236,50,36,2.2346920136076784
3237,50,37,2.2267240133298616
3238,50,38,2.221133770778409
3239,50,39,2.2177281354789224
3240,50,40,2.2162414141940054
3241,50,41,2.2163481223280628
3242,50,42,2.2176774358311158
3243,50,43,2.2198287857673513
3244,50,44,2.222388012808522
3245,50,45,2.224943496653157
3246,50,46,2.2271016951285674
3247,50,47,2.2285015679878266
3248,50,48,2.2288274188600576
3249,50,49,2.2278197624726217
3250,50,50,2.225283909643542
3251,50,51,2.2210960557979864
3252,50,52,2.215206755880829
3253,50,53,2.207641765516745
3254,50,54,1.53594935243966
3255,50,55,1.5233048213167684
3256,50,56,1.5101481353863437
3257,50,57,1.496420863966579
3258,50,58,1.482101435973367
3259,50,59,1.4672065372716498
3260,50,60,1.4517908738125396
3261,50,61,1.435945342951909
3262,50,62,1.4197937151617768
3263,50,64,1.3872025870494196
3264,51,0,3.585547080146853
3265,51,1,3.5570006947004895
3266,51,2,3.5254432231282657
3267,51,3,3.49135463171224
3268,51,4,3.4552507262600742
3269,51,5,3.41766719244343
3270,51,6,1.4377832420010095
3271,51,7,1.44553655122977
3272,51,8,1.4576368708549161
3273,51,9,1.4738361151951134
3274,51,10,1.493797491647449
3275,51,11,1.517103635681752
3276,51,12,1.5432669140015451
3277,51,13,1.5717415940586121
3278,51,14,1.6019375210937283
3279,51,15,1.6332348983934362
3280,51,16,1.6649997339830263
3281,51,17,1.696599498561564
3282,51,18,1.7274185356948941
3283,51,19,1.7568727761938832
3284,51,20,1.7844233338012163
3285,51,21,1.8095885978960147
3286,51,22,1.8319544895606372
3287,51,23,1.8511826082983622
3288,51,24,1.8670160658661457
3289,51,25,1.8792828787494087
3290,51,26,1.8878968692267928
3291,51,27,1.8928561041257974
3292,51,28,1.8942389776210766
3293,51,29,1.8921981172248914
3294,51,30,1.8869523580820504
3295,51,31,1.8787770876778747
3296,51,32,2.2796529794525546
3297,51,33,2.2620963368556843
3298,51,34,2.2468522393240637
3299,51,35,2.234100941282065
3300,51,36,2.223923879111085
3301,51,37,2.216305055651602
3302,51,38,2.211135737283178
3303,51,39,2.208222218716666
3304,51,40,2.2072963053244017
3305,51,41,2.2080280732026307
3306,51,42,2.2100403963321416
3307,51,43,2.212924680459904
3308,51,44,2.216257216027094
3309,51,45,2.2196155580224013
3310,51,46,2.2225943585021146
3311,51,47,2.2248201162507644
3312,51,48,2.2259643654098022
3313,51,49,2.2257548979410866
3314,51,50,2.223984700042188
3315,51,51,2.2205183762467486
3316,51,52,2.215295932889489
3317,51,53,2.2083338908478423
3318,51,54,1.5295391385315655
3319,51,55,1.5162463910067436
3320,51,56,1.5024974021150301
3321,51,57,1.4882486758407665
3322,51,58,1.4734922520968619
3323,51,59,1.458256827572525
3324,51,60,1.4426072808276578
3325,51,61,1.4266426493063868
3326,51,62,1.4104926645413434
3327,51,64,1.3782794787195798
3328,52,0,3.593140157565815
3329,52,1,3.5628509345240453
3330,52,2,3.529687076806452
3331,52,3,3.4941450504454203
3332,52,4,3.4567535425082236
3333,52,5,3.4180572592048972
3334,52,6,1.437984901909974
3335,52,7,1.4444086889412535
3336,52,8,1.4552228106736707
3337,52,9,1.4701922994641514
3338,52,10,1.488992906979968
3339,52,11,1.5112190784715052
3340,52,12,1.5363940952474309
3341,52,13,1.5639820854840454
3342,52,14,1.593401546889926
3343,52,15,1.624039979645952
3344,52,16,1.6552691959073638
3345,52,17,1.6864608540083983
3346,52,18,1.7170017618989006
3347,52,19,1.7463085053243996
3348,52,20,1.7738409814045575
3349,52,21,1.7991144566639896
3350,52,22,1.8217098188774234
3351,52,23,1.8412817525675913
3352,52,24,1.85756463656633
3353,52,25,1.8703760363840651
3354,52,26,1.8796177417179165
3355,52,27,1.8852743776595253
3356,52,28,1.8874096944327148
3357,52,29,1.886160712277476
3358,52,30,1.8817299630513955
3359,52,31,1.8743761261456866
3360,52,32,2.267905572577514
3361,52,33,2.250409251897557
3362,52,34,2.2352818957557288
3363,52,35,2.2227100526988313
3364,52,36,2.212780169043877
3365,52,37,2.2054797353908593
3366,52,38,2.20070179527739
3367,52,39,2.1982525783513776
3368,52,40,2.1978619130230004
3369,52,41,2.1991959816080615
3370,52,42,2.2018719077138083
3371,52,43,2.2054736134288917
3372,52,44,2.2095683542237095
3373,52,45,2.213723332849278
3374,52,46,2.217521809489243
3375,52,47,2.2205781626086045
3376,52,48,2.2225514111668274
3377,52,49,2.2231567812292266
3378,52,50,2.222174985066373
3379,52,51,2.2194589747331968
3380,52,52,2.214938030811543
3381,52,53,2.2086191463985845
3382,52,54,1.523758305930783
3383,52,55,1.509794517324093
3384,52,56,1.4954337558638888
3385,52,57,1.4806479449877057
3386,52,58,1.465443084034351
3387,52,59,1.4498600853424886
3388,52,60,1.4339740586754604
3389,52,61,1.4178920959160266
3390,52,62,1.401749666211278
3391,52,64,1.36993715928485
3392,53,0,3.5992981682439895
3393,53,1,3.567287451075216
3394,53,2,3.5325446456548777
3395,53,3,3.495582399321909
3396,53,4,3.456941873453132
3397,53,5,3.4171763115057936
3398,53,6,1.4388810554558553
3399,53,7,1.443964782475391
3400,53,8,1.4534752407836904
3401,53,9,1.4671914773245
3402,53,10,1.4848028086147238
3403,53,11,1.5059166098246852
3404,53,12,1.5300682691363285
3405,53,13,1.5567330101952899
3406,53,14,1.5853392293427913
3407,53,15,1.6152829496466037
3408,53,16,1.6459429619795276
3409,53,17,1.6766962055148595
3410,53,18,1.7069329365472883
3411,53,19,1.7360712455447784
3412,53,20,1.76357050734669
3413,53,21,1.7889433875313805
3414,53,22,1.811766077833244
3415,53,23,1.8316864933573664
3416,53,24,1.8484302321565091
3417,53,25,1.8618041711826612
3418,53,26,1.8716976492132316
3419,53,27,1.8780812645025033
3420,53,28,1.881003390045875
3421,53,29,1.8805845799818939
3422,53,30,1.8770101044831753
3423,53,31,1.8705209054436351
3424,53,32,2.255946455661865
3425,53,33,2.238476788574025
3426,53,34,2.2234321997532818
3427,53,35,2.2110057889113905
3428,53,36,2.2012893384816854
3429,53,37,2.194274218172559
3430,53,38,2.18985569842554
3431,53,39,2.187840442584552
3432,53,40,2.187956838155122
3433,53,41,2.18986773334827
3434,53,42,2.1931850694794353
3435,53,43,2.197485845210492
3436,53,44,2.202328816645613
3437,53,45,2.207271328519401
3438,53,46,2.2118856857851252
3439,53,47,2.215774510537115
3440,53,48,2.2185845842595175
3441,53,49,2.2200187470348625
3442,53,50,2.2198455101423513
3443,53,51,2.217906132587621
3444,53,52,2.214119011460164
3445,53,53,2.208481336491267
3446,53,54,1.5186217714962953
3447,53,55,1.5039658173977155
3448,53,56,1.4889752710341482
3449,53,57,1.4736379209579733
3450,53,58,1.4579740399098944
3451,53,59,1.4420369316690316
3452,53,60,1.4259119728110672
3453,53,61,1.4097142075698617
3454,53,62,1.3935846097291864
3455,53,64,1.3621930616592932
3456,54,0,3.60398569147935
3457,54,1,3.570280047991961
3458,54,2,3.533990715062547
3459,54,3,3.4956461708304225
3460,54,4,3.455799619046441
3461,54,5,3.415012339625509
3462,54,6,1.4404561043496187
3463,54,7,1.4441913999341482
3464,54,8,1.4523828880414307
3465,54,9,1.4648244979080927
3466,54,10,1.4812201020188864
3467,54,11,1.5011910961248816
3468,54,12,1.524286138689078
3469,54,13,1.5499927559841649
3470,54,14,1.5777504634936208
3471,54,15,1.6069650100867177
3472,54,16,1.6370233200557862
3473,54,17,1.667308690491238
3474,54,18,1.697215798130729
3475,54,19,1.7261650807763593
3476,54,20,1.753616083170063
3477,54,21,1.7790793949320003
3478,54,22,1.8021268574503813
3479,54,23,1.822399775733555
3480,54,24,1.8396149381471045
3481,54,25,1.853568319362994
3482,54,26,1.8641364172806074
3483,54,27,1.8712752505947594
3484,54,28,1.8750171175437433
3485,54,29,1.8754652857245966
3486,54,30,1.8727868454429941
3487,54,31,1.8672040128547798
3488,54,32,2.243811992082479
3489,54,33,2.226333762257216
3490,54,34,2.2113362765270295
3491,54,35,2.1990194400573317
3492,54,36,2.1894806970921947
3493,54,37,2.182715689810486
3494,54,38,2.178622369975468
3495,54,39,2.177008340798676
3496,54,40,2.17760109509422
3497,54,41,2.180060719465949
3498,54,42,2.183994556353935
3499,54,43,2.1889732588473603
3500,54,44,2.1945476389097607
3501,54,45,2.200265698755614
3502,54,46,2.2056892472899494
3503,54,47,2.210409537568139
3504,54,48,2.214061415089529
3505,54,49,2.2163355376033165
3506,54,50,2.216988311577026
3507,54,51,2.2158492847234164
3508,54,52,2.212825833914037
3509,54,53,2.207905089272891
3510,54,54,1.5141409697498922
3511,54,55,1.4987734285346974
3512,54,56,1.4831365278961575
3513,54,57,1.4672343270705932
3514,54,58,1.451101651228129
3515,54,59,1.4348043423339276
3516,54,60,1.41843805687126
3517,54,61,1.4021256738404426
3518,54,62,1.3860134305343448
3519,54,64,1.3550603878065177
3520,55,0,3.607174184135386
3521,55,1,3.571805333643833
3522,55,2,3.5340067761259633
3523,55,3,3.4943224385272775
3524,55,4,3.4533171110437606
3525,55,5,3.4115595931434846
3526,55,6,1.4426912801791114
3527,55,7,1.4450719158500154
3528,55,8,1.4519312876181263
3529,55,9,1.4630790422089341
3530,55,10,1.4782345658250426
3531,55,11,1.4970343319253863
3532,55,12,1.5190413996920888
3533,55,13,1.5437567735261553
3534,55,14,1.5706322789706137
3535,55,15,1.5990845668160627
3536,55,16,1.6285098261756386
3537,55,17,1.6582987699687934
3538,55,18,1.6878514530086985
3539,55,19,1.7165914937525233
3540,55,20,1.7439792952788535
3541,55,21,1.7695238982777926
3542,55,22,1.7927931474306917
3543,55,23,1.8134219107985827
3544,55,24,1.8311181576998012
3545,55,25,1.84566677176616
3546,55,26,1.8569310499903877
3547,55,27,1.864851913106508
3548,55,28,1.8694449250804377
3549,55,29,1.8707952874281026
3550,55,30,1.8690510352982679
3551,55,31,1.8644147147861159
3552,55,32,2.231538509414346
3553,55,33,2.2140151713225387
3554,55,34,2.1990276441211405
3555,55,35,2.186782888146699
3556,55,36,2.1773843328708953
3557,55,37,2.17083228657278
3558,55,38,2.1670278397491596
3559,55,39,2.165780047477106
3560,55,40,2.16681606277912
3561,55,41,2.169793794645995
3562,55,42,2.174316584238715
3563,55,43,2.179949333592475
3564,55,44,2.1862354846411702
3565,55,45,2.1927142333604017
3566,55,46,2.1989373741051685
3567,55,47,2.2044852016661642
3568,55,48,2.2089809511886864
3569,55,49,2.2121033261353387
3570,55,50,2.2135967485559362
3571,55,51,2.2132790602304837
3572,55,52,2.2110465036762483
3573,55,53,2.2068759143731507
3574,55,54,1.5103238953897642
3575,55,55,1.4942270478943438
3576,55,56,1.4779286507472944
3577,55,57,1.4614493985655297
3578,55,58,1.444838912693857
3579,55,59,1.4281756911044803
3580,55,60,1.4115656613407204
3581,55,61,1.3951394050909973
3582,55,62,1.379048175286053
3583,55,64,1.3485481986107395
3584,56,0,3.60884212810362
3585,56,1,3.571846845265284
3586,56,2,3.53258112699563
3587,56,3,3.4916039362653244
3588,56,4,3.449491170888308
3589,56,5,3.4068186183278026
3590,56,6,1.4455648450028997
3591,56,7,1.44658670011713
3592,56,8,1.4521029597257644
3593,56,9,1.4619397872329374
3594,56,10,1.4758330032174745
3595,56,11,1.4934351785761237
3596,56,12,1.5143248667645
3597,56,13,1.5380176902819869
3598,56,14,1.56397894230829
3599,56,15,1.5916373213429142
3600,56,16,1.6203993861704393
3601,56,17,1.649664301391675
3602,56,18,1.6788384405842176
3603,56,19,1.7073494248753829
3604,56,20,1.7346591988485214
3605,56,21,1.7602757823341684
3606,56,22,1.7837633844206615
3607,56,23,1.8047506232496076
3608,56,24,1.8229366598305843
3609,56,25,1.8380951239743417
3610,56,26,1.8500757831077532
3611,56,27,1.8588039777291114
3612,56,28,1.8642779181364248
3613,56,29,1.8665640034599342
3614,56,30,1.8657903837787613
3615,56,31,1.8621390372784048
3616,56,32,2.2191621993081405
3617,56,33,2.2015561016684586
3618,56,34,2.1865401228045327
3619,56,35,2.1743285215806893
3620,56,36,2.1650310320697828
3621,56,37,2.1586530208251196
3622,56,38,2.1550991758233438
3623,56,39,2.154180520258852
3624,56,40,2.155624429488676
3625,56,41,2.1590872290592538
3626,56,42,2.164168869471631
3627,56,43,2.170429111924668
3628,56,44,2.1774046205699022
3629,56,45,2.184626341701226
3630,56,46,2.191636558689777
3631,56,47,2.1980050423087842
3632,56,48,2.203343767442918
3633,56,49,2.2073197363356805
3634,56,50,2.2096655321557757
3635,56,51,2.2101873209459457
3636,56,52,2.2087701208497506
3637,56,53,2.2053802606813084
3638,56,54,1.5071751659919739
3639,56,55,1.4903329930524447
3640,56,56,1.4733593677989594
3641,56,57,1.4562919434583723
3642,56,58,1.4391953458363316
3643,56,59,1.4221608180540892
3644,56,60,1.4053045285846724
3645,56,61,1.3887646162867464
3646,56,62,1.3726970965308891
3647,56,64,1.342661536324862
3648,57,0,3.608975141866526
3649,57,1,3.5703951376557326
3650,57,2,3.5297089393612873
3651,57,3,3.4874901032388017
3652,57,4,3.4443251341908554
3653,57,5,3.400796263000096
3654,57,6,1.4490523081234195
3655,57,7,1.4487133238286778
3656,57,8,1.4528776038355569
3657,57,9,1.4613885881036828
3658,57,10,1.473999411633296
3659,57,11,1.4903797214380943
3660,57,12,1.5101246182169383
3661,57,13,1.5327654433430646
3662,57,14,1.55778207832674
3663,57,15,1.5846163814875351
3664,57,16,1.612686356508758
3665,57,17,1.641400630728683
3666,57,18,1.6701728178892505
3667,57,19,1.698435350587348
3668,57,20,1.725652391371312
3669,57,21,1.751331467370532
3670,57,22,1.7750335202082776
3671,57,23,1.7963811190400034
3672,57,24,1.8150646478981107
3673,57,25,1.8308463469009886
3674,57,26,1.8435621579428783
3675,57,27,1.8531213968003022
3676,57,28,1.8595043427679583
3677,57,29,1.86275790167095
3678,57,30,1.8629895562701686
3679,57,31,1.8603598678142572
3680,57,32,2.2067190181132417
3681,57,33,2.1889916307429655
3682,57,34,2.1739077428234856
3683,57,35,2.1616891469906894
3684,57,36,2.1524521955173403
3685,57,37,2.1462077022561874
3686,57,38,2.142864411109844
3687,57,39,2.142235832342423
3688,57,40,2.1440501315504887
3689,57,41,2.14796265386355
3690,57,42,2.153570581606796
3691,57,43,2.160429160085559
3692,57,44,2.1680688852882155
3693,57,45,2.176013030128681
3694,57,46,2.1837948923511283
3695,57,47,2.190974176426299
3696,57,48,2.197151971815191
3697,57,49,2.2019838582068165
3698,57,50,2.2051907514443276
3699,57,51,2.2065671980393553
3700,57,52,2.2059869273267885
3701,57,53,2.2034055741956404
3702,57,54,1.5046961033105233
3703,57,55,1.4870942818042976
3704,57,56,1.46943309106958
3705,57,57,1.4517674242921919
3706,57,58,1.43417708454022
3707,57,59,1.4167661209094735
3708,57,60,1.3996608921286655
3709,57,61,1.3830069363624857
3710,57,62,1.3669647743104998
3711,57,64,1.3374015768927905
3712,58,0,3.6075660554144218
3713,58,1,3.567447835810622
3714,58,2,3.525392289550946
3715,58,3,3.481987094429443
3716,58,4,3.4378288415004885
3717,58,5,3.3935056486789996
3718,58,6,1.4531266565644616
3719,58,7,1.4514267796470475
3720,58,8,1.4542323081244388
3721,58,9,1.4614046759748787
3722,58,10,1.472715168749128
3723,58,11,1.4878514437789438
3724,58,12,1.5064261579197151
3725,58,13,1.527987429562477
3726,58,14,1.5520308090341632
3727,58,15,1.5780123897705405
3728,58,16,1.6053626630726117
3729,58,17,1.6335007027048873
3730,58,18,1.6618482624785587
3731,58,19,1.6898433802438733
3732,58,20,1.7169531049023294
3733,58,21,1.742684998217986
3734,58,22,1.7665971090396773
3735,58,23,1.788306172376241
3736,58,24,1.80749384764196
3737,58,25,1.823910877138713
3738,58,26,1.8373791151538352
3739,58,27,1.8477914475575696
3740,58,28,1.8551096891336116
3741,58,29,1.8593606088264307
3742,58,30,1.8606302895765217
3743,58,31,1.8590570776260753
3744,58,32,2.194244588431946
3745,58,33,2.1763567312749803
3746,58,34,2.1611646507268594
3747,58,35,2.1488978986207825
3748,58,36,2.139679751564356
3749,58,37,2.1335268549299915
3750,58,38,2.1303524650885737
3751,58,39,2.129973099497538
3752,58,40,2.132118286245682
3753,58,41,2.1364430006240664
3754,58,42,2.1425422899728903
3755,58,43,2.149967522389315
3756,58,44,2.1582436519079082
3757,58,45,2.166886873551677
3758,58,46,2.1754220462741825
3759,58,47,2.18339928937934
3760,58,48,2.1904092067165806
3761,58,49,2.196096260202495
3762,58,50,2.2001698967433523
3763,58,51,2.202413126644154
3764,58,52,2.202688352975906
3765,58,53,2.200940355876792
3766,58,54,1.5028848314479282
3767,58,55,1.4845107294086983
3768,58,56,1.4661510144054628
3769,58,57,1.4478780588164428
3770,58,58,1.429786980408863
3771,58,59,1.4119946672331773
3772,58,60,1.394637597864171
3773,58,61,1.3778685406822344
3774,58,62,1.361852262090234
3775,58,64,1.332765809180086
3776,59,0,3.604614947958644
3777,59,1,3.5630096510329787
3778,59,2,3.519640153899976
3779,59,3,3.475107756215886
3780,59,4,3.4300185952325535
3781,59,5,3.3849661099709585
3782,59,6,1.4577585966853364
3783,59,7,1.4546997142288174
3784,59,8,1.4561417717700345
3785,59,9,1.4619648694754472
3786,59,10,1.471959232590224
3787,59,11,1.4858314153013383
3788,59,12,1.5032125922489485
3789,59,13,1.523668671157074
3790,59,14,1.546711908353694
3791,59,15,1.5718136679494024
3792,59,16,1.5984179363852227
3793,59,17,1.6259551877748384
3794,59,18,1.653856192347121
3795,59,19,1.6815653702871056
3796,59,20,1.7085533158807389
3797,59,21,1.7343281511731277
3798,59,22,1.7584454130478326
3799,59,23,1.78051623108466
3800,59,24,1.8002136138361395
3801,59,25,1.8172767261502107
3802,59,26,1.8315131075968225
3803,59,27,1.8427988496136365
3804,59,28,1.8510768143819907
3805,59,29,1.8563530394959546
3806,59,30,1.8586915271923143
3807,59,31,1.8582076635135318
3808,59,32,2.181774101802796
3809,59,33,2.163686174928306
3810,59,34,2.1483450145004652
3811,59,35,2.135988145507952
3812,59,36,2.126746065925678
3813,59,37,2.1206416304487408
3814,59,38,2.117593060987534
3815,59,39,2.1174204019865015
3816,59,40,2.11985511921524
3817,59,41,2.1245524349581455
3818,59,42,2.131105904310093
3819,59,43,2.1390636695955982
3820,59,44,2.1479457848934125
3821,59,45,2.15726198142525
3822,59,46,2.166529247319439
3823,59,47,2.175288621174044
3824,59,48,2.1831206461888657
3825,59,49,2.1896589978630376
3826,59,50,2.1946018801297096
3827,59,51,2.1977208785591356
3828,59,52,2.198867060794053
3829,59,53,2.197974219411951
3830,59,54,1.5017363900549114
3831,59,55,1.4825790613556813
3832,59,56,1.463511227624479
3833,59,57,1.4446229374873565
3834,59,58,1.426024725740363
3835,59,59,1.4078463250942181
3836,59,60,1.390234244691292
3837,59,61,1.3733483039469447
3838,59,62,1.3573572541960326
3839,59,64,1.3287482379264188
3840,60,0,3.6001291480760456
3841,60,1,3.5570923602635403
3842,60,2,3.512468368230534
3843,60,3,3.46687156708744
3844,60,4,3.42091708279371
3845,60,5,3.3752031013448334
3846,60,6,1.462916804301024
3847,60,7,1.4585026701509978
3848,60,8,1.4585785376271754
3849,60,9,1.4630437973149655
3850,60,10,1.471708353490706
3851,60,11,1.4842984931382346
3852,60,12,1.500464820052811
3853,60,13,1.5197919948317635
3854,60,14,1.5418099708336561
3855,60,15,1.5660063759675085
3856,60,16,1.5918396616556676
3857,60,17,1.618752624297822
3858,60,18,1.646185901419547
3859,60,19,1.6735910543484753
3860,60,20,1.7004428712245496
3861,60,21,1.7262505575068774
3862,60,22,1.750567524602342
3863,60,23,1.7729995391966453
3864,60,24,1.7932110544353066
3865,60,25,1.8109296071982075
3866,60,26,1.8259482311284412
3867,60,27,1.8381259005582107
3868,60,28,1.8473860837958727
3869,60,29,1.8537135432809277
3870,60,30,1.8571495729404157
3871,60,31,1.8577859079987606
3872,60,32,2.169342222723697
3873,60,33,2.151014436115236
3874,60,34,2.1354829277725607
3875,60,35,2.1229933967446772
3876,60,36,2.1136838487225442
3877,60,37,2.107583717547552
3878,60,38,2.1046166387439977
3879,60,39,2.104606701738011
3880,60,40,2.1072878867145297
3881,60,41,2.1123162847498893
3882,60,42,2.1192846098243305
3883,60,43,2.1277384416720295
3884,60,44,2.137193591378735
3885,60,45,2.147153958434785
3886,60,46,2.15712924884296
3887,60,47,2.1666519481317104
3888,60,48,2.1752929890731627
3889,60,49,2.1826756190586605
3890,60,50,2.1884870532471568
3891,60,51,2.1924875930331966
3892,60,52,2.1945169909730176
3893,60,53,2.1944979487705893
3894,60,54,1.50124286063123
3895,60,55,1.4812930396493642
3896,60,56,1.4615088446802509
3897,60,57,1.4419981555799481
3898,60,58,1.4228869917846936
3899,60,59,1.4043179097584546
3900,60,60,1.3864473419788526
3901,60,61,1.3694419707647958
3902,60,62,1.353474271794415
3903,60,64,1.3253396070572405
3904,61,0,3.594123196115565
3905,61,1,3.5497147485585754
3906,61,2,3.5038995514675575
3907,61,3,3.4573045435836938
3908,61,4,3.410553266118404
3909,61,5,3.3642480715947123
3910,61,6,1.468568180644862
3911,61,7,1.4628043347387514
3912,61,8,1.4615132327602838
3913,61,9,1.4646141296066209
3914,61,10,1.4719372955519279
3915,61,11,1.4832295330571088
3916,61,12,1.4981617334782853
3917,61,13,1.5163382223661859
3918,61,14,1.5373075923807362
3919,61,15,1.5605746834524696
3920,61,16,1.585613341870495
3921,61,17,1.611879574233345
3922,61,18,1.6388247090111132
3923,61,19,1.6659081877536202
3924,61,20,1.692609629237472
3925,61,21,1.7184398421726659
3926,61,22,1.7429505042207507
3927,61,23,1.7657422754288783
3928,61,24,1.7864711709167216
3929,61,25,1.8048530787342927
3930,61,26,1.8206663720875846
3931,61,27,1.8337526284129235
3932,61,28,1.8440155289114983
3933,61,29,1.8514180690837132
3934,61,30,1.855978261659476
3935,61,31,2.1780770265637592
3936,61,32,2.1569829942384176
3937,61,33,2.1383755962262145
3938,61,34,2.122612313377255
3939,61,35,2.1099472051379635
3940,61,36,2.1005260590632133
3941,61,37,2.0943852484781433
3942,61,38,2.091454264118677
3943,61,39,2.0915617551546277
3944,61,40,2.09444479310101
3945,61,41,2.0997609633172933
3946,61,42,2.1071027970330274
3947,61,43,2.116013985305228
3948,61,44,2.1260067673054452
3949,61,45,2.1365798601852433
3950,61,46,2.147236296811706
3951,61,47,2.1575005602441135
3952,61,48,2.166934448347157
3953,61,49,2.1751511659684932
3954,61,50,2.1818272224956874
3955,61,51,2.186711805633877
3956,61,52,2.189633403809273
3957,61,53,2.1905035554048515
3958,61,54,1.5013935039405348
3959,61,55,1.4806436005347603
3960,61,56,1.4601361436775617
3961,61,57,1.4399969576294323
3962,61,58,1.4203675798714108
3963,61,59,1.4014033438445552
3964,61,60,1.38327048112862
3965,61,61,1.36614234099662
3966,61,62,1.350194864339532
3967,61,64,1.322527639862231
3968,62,0,3.5866187688953257
3969,62,1,3.5409025148371063
3970,62,2,3.49396299360453
3971,62,3,3.4464391117622766
3972,62,4,3.3989622380054323
3973,62,5,3.3521383064627055
3974,62,6,1.474678111507853
3975,62,7,1.467571793178396
3976,62,8,1.4649148142762514
3977,62,9,1.4666468154225942
3978,62,10,1.4726190651918083
3979,62,11,1.4825996085496809
3980,62,12,1.4962804274225794
3981,62,13,1.5132863705174695
3982,62,14,1.5331855609595257
3983,62,15,1.555500951795201
3984,62,16,1.5797226720486757
3985,62,17,1.6053207905533136
3986,62,18,1.6317581215310042
3987,62,19,1.6585027047672005
3988,62,20,1.6850396137244517
3989,62,21,1.7108817761609978
3990,62,22,1.7355795325298826
3991,62,23,1.7587287060794836
3992,62,24,1.7799770133621262
3993,62,25,1.7990287028054404
3994,62,26,1.815647370022273
3995,62,27,1.829656959503826
3996,62,28,1.840941021169758
3997,62,29,1.8494403449618857
3998,62,30,1.8551491454665143
3999,62,31,2.1661800910727016
4000,62,32,2.1447297453229677
4001,62,33,2.125803248550744
4002,62,34,2.1097668265864007
4003,62,35,2.096883069606926
4004,62,36,2.087305807530905
4005,62,37,2.0810787025723334
4006,62,38,2.0781375343698345
4007,62,39,2.078316021970826
4008,62,40,2.08135490397545
4009,62,41,2.086913887948773
4010,62,42,2.094585986808542
4011,62,43,2.103913686548605
4012,62,44,2.1144063387444656
4013,62,45,2.1255581442252507
4014,62,46,2.136866091503724
4015,62,47,2.1478472344564685
4016,62,48,2.15805473681843
4017,62,49,2.1670921739216347
4018,62,50,2.174625661657287
4019,62,51,2.180393475185382
4020,62,52,2.1842129213644896
4021,62,53,2.1859843349189005
4022,62,54,1.5021749065210066
4023,62,55,1.4806190015642662
4024,62,56,1.4593827165336781
4025,62,57,1.4386098918800614
4026,62,58,1.418457582953257
4027,62,59,1.3990938283419538
4028,62,60,1.3806945184751092
4029,62,61,1.3634394669274128
4030,62,62,1.3475078233428925
4031,62,64,1.3202972924654761
4032,63,0,3.5776445669174017
4033,63,1,3.5306881412123103
4034,63,2,3.4826945084191956
4035,63,3,3.4343139446775917
4036,63,4,3.3861850458166924
4037,63,5,3.338916740059501
4038,63,6,1.4812107269164563
4039,63,7,1.4727707833128278
4040,63,8,1.4687508179020095
4041,63,9,1.4691113240831606
4042,63,10,1.4737251443517352
4043,63,11,1.4823822354453782
4044,63,12,1.4947964153234472
4045,63,13,1.5106138580318733
4046,63,14,1.5294230551303998
4047,63,15,1.550765924759883
4048,63,16,1.5741497226854329
4049,63,17,1.5990593944677478
4050,63,18,1.6249700045904707
4051,63,19,1.6513588867997853
4052,63,20,1.6777171795902388
4053,63,21,1.7035604408191458
4054,63,22,1.7284380746321708
4055,63,23,1.7519413507230457
4056,63,24,1.7737098486823633
4057,63,25,1.7934362168932159
4058,63,26,1.8108691940813308
4059,63,27,1.8258149001697541
4060,63,28,1.8381364595104899
4061,63,29,1.847752071967013
4062,63,30,1.8546316939786722
4063,63,31,2.154458512950085
4064,63,32,2.1326150003209214
4065,63,33,2.113330404182685
4066,63,34,2.0969797583431444
4067,63,35,2.083834336687271
4068,63,36,2.0740562569772205
4069,63,37,2.067696807407268
4070,63,38,2.064698480926483
4071,63,39,2.0649005706110204
4072,63,40,2.068048055428907
4073,63,41,2.0738033942564247
4074,63,42,2.0817607510538076
4075,63,43,2.0914620990205486
4076,63,44,2.102414598786259
4077,63,45,2.1141086167535077
4078,63,46,2.126035745095592
4079,63,47,2.1377062041276593
4080,63,48,2.1486650493632884
4081,63,49,2.1585066672224467
4082,63,50,2.166887122006682
4083,63,51,2.1735340087450763
4084,63,52,2.178253567760908
4085,63,53,2.180934923002006
4086,63,54,1.503571134270366
4087,63,55,1.4812049758958044
4088,63,56,1.4592356260751886
4089,63,57,1.4378249724122394
4090,63,58,1.4171455551010672
4091,63,59,1.3973780218739897
4092,63,60,1.378707766735468
4093,63,61,1.3613208592937662
4094,63,62,1.3453994052958218
4095,63,64,1.3186310169772666
4096,64,0,3.5672361645259563
4097,64,1,3.51911072641445
4098,64,2,3.4701362515255165
4099,64,3,3.420973766532427
4100,64,4,3.3722684832719265
4101,64,5,3.3246317358842528
4102,64,6,1.4881291587680976
4103,64,7,1.478365949559284
4104,64,8,1.4729876067796457
4105,64,9,1.471975887695824
4106,64,10,1.475225725929503
4107,64,11,1.4825495996759313
4108,64,12,1.4936838489796498
4109,64,13,1.5082967175233262
4110,64,14,1.5259978482517291
4111,64,15,1.5463489255181844
4112,64,16,1.5688751303435753
4113,64,17,1.5930770604843838
4114,64,18,1.6184427635932586
4115,64,19,1.6444595397053978
4116,64,20,1.6706251880943572
4117,64,21,1.696458402347078
4118,64,22,1.7215080551185438
4119,64,23,1.7453611589691882
4120,64,24,1.7676493402654534
4121,64,25,1.7880537174755942
4122,64,26,1.8063081313639133
4123,64,27,1.8222007305972943
4124,64,28,1.835573970193662
4125,64,29,1.8463231302412646
4126,64,30,1.8543935067544353
4127,64,31,2.142943028984872
4128,64,32,2.120670390688684
4129,64,33,2.100989399219897
4130,64,34,2.084283938851145
4131,64,35,2.0708341015351985
4132,64,36,2.060810522045801
4133,64,37,2.054272438022556
4134,64,38,2.051169469528898
4135,64,39,2.051346980525987
4136,64,40,2.05455475987588
4137,64,41,2.060458646820024
4138,64,42,2.068654629469119
4139,64,43,2.0786848680880707
4140,64,44,2.090055040401897
4141,64,45,2.1022523753688014
4142,64,46,2.1147637354487414
4143,64,47,2.1270931249215934
4144,64,48,2.1387780418994518
4145,64,49,2.1494041520757197
4146,64,50,2.1586178399432647
4147,64,51,2.166136284569202
4148,64,52,2.1717548079716
4149,64,53,2.1753513503902706
4150,64,54,1.5055638911084428
4151,64,55,1.4823848917399953
4152,64,56,1.459679568385491
4153,64,57,1.4376278466438825
4154,64,58,1.4164176865095597
4155,64,59,1.3962422256122755
4156,64,60,1.37729619224507
4157,64,61,1.3597716992161821
4158,64,62,1.3438535605916533
4159,64,64,1.3175090307297486
4160,65,0,3.5554358236320516
4161,65,1,3.506215784003846
4162,65,2,3.456336504532386
4163,65,3,3.406469124341206
4164,65,4,3.357264851242262
4165,65,5,3.309336838406133
4166,65,6,1.4953957939298608
4167,65,7,1.4843210934608835
4168,65,8,1.4775906180091576
4169,65,9,1.4752077425041528
4170,65,10,1.4770899490365992
4171,65,11,1.483072785835248
4172,65,12,1.4929157400967699
4173,65,13,1.5063098099685894
4174,65,14,1.5228865161522473
4175,65,15,1.5422280579696412
4176,65,16,1.56387829330874
4177,65,17,1.587354207270125
4178,65,18,1.6121575308237368
4179,65,19,1.637786178227631
4180,65,20,1.6637451898571467
4181,65,21,1.6895568945949122
4182,65,22,1.714770041877398
4183,65,23,1.738967696452118
4184,65,24,1.7617737372272853
4185,65,25,1.7828578534966224
4186,65,26,1.801938985413133
4187,65,27,1.8187872089652073
4188,65,28,1.8332241170235624
4189,65,29,1.8451217955387076
4190,65,30,1.8544005361103697
4191,65,31,2.131663183517032
4192,65,32,2.1089265693227555
4193,65,33,2.0888118035835928
4194,65,34,2.071711641892476
4195,65,35,2.057915108845025
4196,65,36,2.047601567874766
4197,65,37,2.0408385146645136
4198,65,38,2.0375830983301406
4199,65,39,2.037687242011353
4200,65,40,2.040906108978384
4201,65,41,2.0469095466183864
4202,65,42,2.0552960428892515
4203,65,43,2.0656086514883985
4204,65,44,2.0773522856914886
4205,65,45,2.090011748234971
4206,65,46,2.1030698564120507
4207,65,47,2.1160250373845977
4208,65,48,2.1284078072770796
4209,65,49,2.1397956067182897
4210,65,50,2.1498255421661296
4211,65,51,2.158204672999074
4212,65,52,2.164717584940955
4213,65,53,2.16923109659205
4214,65,54,2.171696053284456
4215,65,55,1.4841399149274526
4216,65,56,1.4606970382734552
4217,65,57,1.4380019659585763
4218,65,58,1.4162579816310361
4219,65,59,1.3956705713062914
4220,65,60,1.3764436152727257
4221,65,61,1.3587750531437501
4222,65,62,1.3428521653532797
4223,65,64,1.3169095880575465
4224,66,0,3.5422922718237637
4225,66,1,3.492055006261036
4226,66,2,3.441349426261021
4227,66,3,3.3908561281173615
4228,66,4,3.341231688610894
4229,66,5,3.2930904963267955
4230,66,6,1.5029725204195636
4231,66,7,1.4905994184826399
4232,66,8,1.4825246045539529
4233,66,9,1.4787733666770133
4234,66,10,1.4792861317354795
4235,66,11,1.4839220042226036
4236,66,12,1.4924641812844681
4237,66,13,1.5046270395869406
4238,66,14,1.5200646460853537
4239,66,15,1.5383804102042504
4240,66,16,1.5591375702078207
4241,66,17,1.5818701922545195
4242,66,18,1.6060943570104105
4243,66,19,1.6313192156052572
4244,66,20,1.657057613656163
4245,66,21,1.6828360082242537
4246,66,22,1.7082034367796775
4247,66,23,1.732739338143466
4248,66,24,1.7560600713644376
4249,66,25,1.7778240278460677
4250,66,26,1.7977352829545428
4251,66,27,1.8155457839945486
4252,66,28,1.8310561200653543
4253,66,29,1.844114964252374
4254,66,30,1.8546173183858266
4255,66,31,2.1206472530046034
4256,66,32,2.0974131277508925
4257,66,33,2.0768283317963556
4258,66,34,2.059294490263906
4259,66,35,2.045109654113823
4260,66,36,2.034462108447146
4261,66,37,2.0274278995542225
4262,66,38,2.023972094474046
4263,66,39,2.0239536540330483
4264,66,40,2.0271336741857438
4265,66,41,2.0331866357630606
4266,66,42,2.0417142036862
4267,66,43,2.052261036854213
4268,66,44,2.064332011946371
4269,66,45,2.077410230038397
4270,66,46,2.090975164960272
4271,66,47,2.1045203264617305
4272,66,48,2.117569848266062
4273,66,49,2.129693468852546
4274,66,50,2.1405194483983405
4275,66,51,2.149745055178512
4276,66,52,2.1571443548456997
4277,66,53,2.1625731420827408
4278,66,54,2.165970961747112
4279,66,55,1.4864491726483744
4280,66,56,1.4622684958178873
4281,66,57,1.4389287572999825
4282,66,58,1.4166484381434623
4283,66,59,1.3956452099841004
4284,66,60,1.3761319108036811
4285,66,61,1.358312088015194
4286,66,62,1.3423752531706166
4287,66,64,1.3168092511884901
4288,67,0,3.527860445872549
4289,67,1,3.476685994826448
4290,67,2,3.4252347721506333
4291,67,3,3.3741961607669224
4292,67,4,3.324231474430429
4293,67,5,3.2759557587952814
4294,67,6,1.5108209644283417
4295,67,7,1.4971637667883257
4296,67,8,1.4877538702358195
4297,67,9,1.4826387122666176
4298,67,10,1.4817819989964671
4299,67,11,1.4850668141277448
4300,67,12,1.4923005642885625
4301,67,13,1.5032215669166589
4302,67,14,1.5175070448089203
4303,67,15,1.5347822579830268
4304,67,16,1.5546304794979888
4305,67,17,1.576603507912599
4306,67,18,1.6002324053293258
4307,67,19,1.6250381563254952
4308,67,20,1.6505419590206851
4309,67,21,1.6762748842564001
4310,67,22,1.701786671273783
4311,67,23,1.7266534670285512
4312,67,24,1.7504843598517295
4313,67,25,1.7729266048905572
4314,67,26,1.7936694869171004
4315,67,27,1.8124468139361625
4316,67,28,1.8290380808785516
4317,67,29,1.8432683849643237
4318,67,30,1.8550072116661602
4319,67,31,2.10992217464385
4320,67,32,2.08615851647749
4321,67,33,2.0650687560694374
4322,67,34,2.047063362735383
4323,67,35,2.0324494857024433
4324,67,36,2.0214245050756996
4325,67,37,2.014073293193957
4326,67,38,2.0103692096828
4327,67,39,2.0101787206016435
4328,67,40,2.01326940543069
4329,67,41,2.0193210000632837
4330,67,42,2.0279390237444943
4331,67,43,2.0386704566172273
4332,67,44,2.0510208749573478
4333,67,45,2.064472415118107
4334,67,46,2.0785019254867354
4335,67,47,2.0925986781998107
4336,67,48,2.106281047808481
4337,67,49,2.119111620464211
4338,67,50,2.130710271649444
4339,67,51,2.1407648394922494
4340,67,52,2.1490391202818833
4341,67,53,2.15537801864613
4342,67,54,2.1597097925585693
4343,67,55,1.489289916523406
4344,67,56,1.464372532053685
4345,67,57,1.440387793687481
4346,67,58,1.4175692245791967
4347,67,59,1.39614649900409
4348,67,60,1.3763412073068493
4349,67,61,1.3583622839730611
4350,67,62,1.3424012438898598
4351,67,64,1.3171831569567334
4352,68,0,3.5122012018348054
4353,68,1,3.4601719593427274
4354,68,2,3.4080575831549136
4355,68,3,3.356555559035143
4356,68,4,3.3063313027623886
4357,68,5,3.257999945993767
4358,68,6,1.5189027161079884
4359,68,7,1.5039768458850256
4360,68,8,1.4932424956828676
4361,68,9,1.4867694291869478
4362,68,10,1.4845449037235314
4363,68,11,1.48647634121263
4364,68,12,1.4923957933242245
4365,68,13,1.5020660179705128
4366,68,14,1.515187943691473
4367,68,15,1.5314092661573053
4368,68,16,1.5503338977669532
4369,68,17,1.5715319776864156
4370,68,18,1.594550145823334
4371,68,19,1.6189217900147705
4372,68,20,1.644176990624805
4373,68,21,1.669851910015021
4374,68,22,1.6954974049015934
4375,68,23,1.720686676157726
4376,68,24,1.7450218116935465
4377,68,25,1.7681391220603524
4378,68,26,1.7897132137341292
4379,68,27,1.809459789985561
4380,68,28,1.8271372122498994
4381,68,29,1.842546894494522
4382,68,30,1.8555326379354125
4383,68,31,2.09951347926978
4384,68,32,2.0751899687801827
4385,68,33,2.05356182205925
4386,68,34,2.0350483029459623
4387,68,35,2.0199657081550098
4388,68,36,2.008520665522155
4389,68,37,2.00080713074027
4390,68,38,1.9968071154007383
4391,68,39,1.9963950462501325
4392,68,40,1.9993455285336208
4393,68,41,2.005344169960652
4394,68,42,2.0140010205233296
4395,68,43,2.0248661007695206
4396,68,44,2.0374464300031803
4397,68,45,2.051223928147351
4398,68,46,2.065673551564251
4399,68,47,2.080281033877147
4400,68,48,2.09455963669384
4401,68,49,2.108065370092002
4402,68,50,2.120410215987134
4403,68,51,2.131272975593683
4404,68,52,2.1404074611389032
4405,68,53,2.147647857512329
4406,68,54,2.1529111872245235
4407,68,55,1.4926376832956143
4408,68,56,1.4669860320020907
4409,68,57,1.4423569617502947
4410,68,58,1.4189988545886583
4411,68,59,1.3971531852916597
4412,68,60,1.3770500811629494
4413,68,61,1.358903642134423
4414,68,62,1.3429071667697632
4415,68,64,1.3180052762383268
4416,69,0,3.4953809931305577
4417,69,1,3.4425813855281646
4418,69,2,3.3898878455992447
4419,69,3,3.3380052670118534
4420,69,4,3.2876025317343736
4421,69,5,3.2392942956532282
4422,69,6,1.5271795422326866
4423,69,7,1.5110014431955485
4424,69,8,1.498954553254151
4425,69,9,1.4911310792111108
4426,69,10,1.4875420388319327
4427,69,11,1.4881194869651284
4428,69,12,1.4927204914840853
4429,69,13,1.5011326874470472
4430,69,14,1.5130811988275468
4431,69,15,1.5282366860172225
4432,69,16,1.5462242548429452
4433,69,17,1.566632949551198
4434,69,18,1.5890255482491262
4435,69,19,1.6129483844828232
4436,69,20,1.6379409324964767
4437,69,21,1.6635449154796644
4438,69,22,1.6893127247483866
4439,69,23,1.7148149720797365
4440,69,24,1.73964703592825
4441,69,25,1.7634345034821102
4442,69,26,1.7858374529051606
4443,69,27,1.806553562096834
4444,69,28,1.8253200703892025
4445,69,29,1.8419146564059452
4446,69,30,1.8561553276126124
4447,69,31,2.0894452287663596
4448,69,32,2.064533428259412
4449,69,33,2.042335167659798
4450,69,34,2.023278430660672
4451,69,35,2.0076886872483093
4452,69,36,1.9957819442605709
4453,69,37,1.9876614789817406
4454,69,38,1.9833182980501032
4455,69,39,1.982635231177799
4456,69,40,1.9853944418735927
4457,69,41,1.9912880203768542
4458,69,42,1.9999312217226395
4459,69,43,2.010877827962598
4460,69,44,2.023637050951475
4461,69,45,2.037691352740806
4462,69,46,2.052514545480608
4463,69,47,2.067589541789502
4464,69,48,2.0824251588014118
4465,69,49,2.0965714326007885
4466,69,50,2.1096329717702855
4467,69,51,2.1212799658691788
4468,69,52,2.131256562898188
4469,69,53,2.1393864349169256
4470,69,54,2.1455754585569995
4471,69,55,1.49646645158609
4472,69,56,1.470084333406995
4473,69,57,1.4448126245439021
4474,69,58,1.4209143559871298
4475,69,59,1.3986425827762397
4476,69,60,1.3782357446196174
4477,69,61,1.359912885119241
4478,69,62,1.3438688755266937
4479,69,64,1.3192486632346438
4480,70,0,3.477471518157832
4481,70,1,3.423987674278746
4482,70,2,3.370800123629386
4483,70,3,3.3186204638534473
4484,70,4,3.268120408493555
4485,70,5,3.2199135871918667
4486,70,6,1.5356135840510257
4487,70,7,1.5182006268129296
4488,70,8,1.5048543091462827
4489,70,9,1.495689338155159
4490,70,10,1.4907406385169668
4491,70,11,1.4899651283434134
4492,70,12,1.4932451983256807
4493,70,13,1.5003937340924518
4494,70,14,1.511160484250561
4495,70,15,1.525239546653232
4496,70,16,1.5422777237945882
4497,70,17,1.5618834853024977
4498,70,18,1.5836362714237975
4499,70,19,1.6070958759859773
4500,70,20,1.6318116601007882
4501,70,21,1.6573313680990982
4502,70,22,1.6832093438648337
4503,70,23,1.7090139776832343
4504,70,24,1.7343342495989176
4505,70,25,1.7587852736578822
4506,70,26,1.7820127868064621
4507,70,27,1.8036965651723407
4508,70,28,1.823552787555981
4509,70,29,1.8413353999280244
4510,70,30,1.8568365644319218
4511,70,31,2.079739958216299
4512,70,32,2.054213480445225
4513,70,33,2.0314152452018157
4514,70,34,2.01178185581693
4515,70,35,1.9956479572480548
4516,70,36,1.9832390444002463
4517,70,37,1.9746679344646894
4518,70,38,1.9699349549590703
4519,70,39,1.9689317666263506
4520,70,40,1.9714486128867033
4521,70,41,1.977184670018276
4522,70,42,1.9857610690687126
4523,70,43,1.9967360754204821
4524,70,44,2.0096218478982704
4525,70,45,2.023902158353333
4526,70,46,2.039050435844542
4527,70,47,2.054547506909004
4528,70,48,2.0698984340389566
4529,70,49,2.0846479064926493
4530,70,50,2.098393708276494
4531,70,51,2.1107978741654
4532,70,52,2.12159524207206
4533,70,53,2.1305992146827797
4534,70,54,2.1377046506433355
4535,70,55,1.5007487933277757
4536,70,56,1.4736413797192096
4537,70,57,1.4477297781007719
4538,70,58,1.423291432929732
4539,70,59,1.4005907422500186
4540,70,60,1.3798742253551668
4541,70,61,1.3613656482632712
4542,70,62,1.345261253026631
4543,70,64,1.3208856919884366
4544,71,0,3.458549339170927
4545,71,1,3.404468753558063
4546,71,2,3.3508731660358686
4547,71,3,3.2984801675241973
4548,71,4,3.247963671870827
4549,71,5,3.1999357452953103
4550,71,6,1.5441675388677591
4551,71,7,1.5255379309035662
4552,71,8,1.510906411088086
4553,71,9,1.5004101846047606
4554,71,10,1.4941081670297875
4555,71,11,1.4919823058942732
4556,71,12,1.4939405568948592
4557,71,13,1.49982136644771
4558,71,14,1.5093994764593728
4559,71,15,1.5223928385304364
4560,71,16,1.5384704040052757
4561,71,17,1.557260543734133
4562,71,18,1.5783598472256821
4563,71,19,1.601342054848628
4564,71,20,1.6257668884199554
4565,71,21,1.65118856416959
4566,71,22,1.6771637967481716
4567,71,23,1.7032591325152153
4568,71,24,1.7290574835411874
4569,71,25,1.7541637692240042
4570,71,26,1.7782096087684205
4571,71,27,1.8008570436333176
4572,71,28,1.821801303112366
4573,71,29,1.8407726572882286
4574,71,30,1.8575374286556867
4575,71,31,2.070418623019074
4576,71,32,2.0442532887657827
4577,71,33,2.0208272474305264
4578,71,34,2.0005855957907133
4579,71,35,1.9838721308508047
4580,71,36,1.9709219217851168
4581,71,37,1.961857523311129
4582,71,38,1.9566888915224399
4583,71,39,1.9553169310533514
4584,71,40,1.957540474949995
4585,71,41,1.9630663806771023
4586,71,42,1.9715223217290783
4587,71,43,1.9824717681355046
4588,71,44,1.9954305837630848
4589,71,45,2.009884625824884
4590,71,46,2.0253077135448407
4591,71,47,2.0411793386178565
4592,71,48,2.057001519090693
4593,71,49,2.0723142487724924
4594,71,50,2.0867090636383487
4595,71,51,2.099840331586308
4596,71,52,2.1114339684778862
4597,71,53,2.121293387405243
4598,71,54,2.1293025951871862
4599,71,55,1.5054560186809238
4600,71,56,1.4776298660682365
4601,71,57,1.451082200374376
4602,71,58,1.4261046197764307
4603,71,59,1.4029726120970483
4604,71,60,1.3819405359710983
4605,71,61,1.3632366596926138
4606,71,62,1.347058403644966
4607,71,64,1.322888277806823
4608,72,0,3.4386954743123113
4609,72,1,3.3841066649879896
4610,72,2,3.3301894893835886
4611,72,3,3.2776668164960547
4612,72,4,3.227214134697266
4613,72,5,3.179441424875416
4614,72,6,1.5528048241329164
4615,72,7,1.5329775244535773
4616,72,8,1.5170760602467503
4617,72,9,1.5052600737475035
4618,72,10,1.4976124934713264
4619,72,11,1.4941403988120625
4620,72,12,1.494777488613557
4621,72,13,1.499388017375796
4622,72,14,1.5077720286230751
4623,72,15,1.519671687612519
4624,72,16,1.5347784956325137
4625,72,17,1.5527411559918884
4626,72,18,1.573173857509227
4627,72,19,1.595664744677467
4628,72,20,1.6197843542392403
4629,72,21,1.6450938149620002
4630,72,22,1.6711526300413222
4631,72,23,1.6975258887107758
4632,72,24,1.723790784099428
4633,72,25,1.7495423468798605
4634,72,26,1.7743983374912493
4635,72,27,1.7980032724278379
4636,72,28,1.8200315910479317
4637,72,29,1.840189997491803
4638,72,30,1.858219036660628
4639,72,31,2.0615005512026308
4640,72,32,2.034674535179585
4641,72,33,2.0105950376318953
4642,72,34,1.9897154963108084
4643,72,35,1.972388812288119
4644,72,36,1.9588596917838286
4645,72,37,1.9492606032696629
4646,72,38,1.9436114201507768
4647,72,39,1.941822687662198
4648,72,40,1.94370232520188
4649,72,41,1.9489654570600166
4650,72,42,1.957246959856374
4651,72,43,1.9681162278039017
4652,72,44,1.981093590243179
4653,72,45,1.9956677719117215
4654,72,46,2.0113137663296587
4655,72,47,2.0275104967019413
4656,72,48,2.0437576660697294
4657,72,49,2.059591247366624
4658,72,50,2.0745971319840706
4659,72,51,2.088422539147911
4660,72,52,2.100784884024351
4661,72,53,2.1114779058040036
4662,72,54,2.120374963669893
4663,72,55,1.5105583134360925
4664,72,56,1.4820213771731787
4665,72,57,1.454842591457798
4666,72,58,1.429327425442262
4667,72,59,1.4057621885864484
4668,72,60,1.3844088319910228
4669,72,61,1.3654999077078616
4670,72,62,1.3492338315998764
4671,72,64,1.3252280815808068
4672,73,0,3.417994964840439
4673,73,1,3.3629871271976155
4674,73,2,3.3088349395123293
4675,73,3,3.2562658314736
4676,73,4,3.2059562478329386
4677,73,5,3.158513579453448
4678,73,6,1.5614897230656948
4679,73,7,1.5404843622938247
4680,73,8,1.5233291662003203
4681,73,9,1.5102060950949812
4682,73,10,1.501222051326293
4683,73,11,1.49640928560519
4684,73,12,1.4957273546495757
4685,73,13,1.4990665059418546
4686,73,14,1.5062523329957573
4687,73,15,1.517051518528279
4688,73,16,1.5311784639083301
4689,73,17,1.5483025915233182
4690,73,18,1.568056102319267
4691,73,19,1.590041973519465
4692,73,20,1.613841990956017
4693,73,21,1.6390246258818708
4694,73,22,1.6651525867022199
4695,73,23,1.6917899007561035
4696,73,24,1.7185084089650176
4697,73,25,1.7448935856550833
4698,73,26,1.770549625945973
4699,73,27,1.7951037726059407
4700,73,28,1.8182098820944053
4701,73,29,1.8395512546617985
4702,73,30,1.8588427750101202
4703,73,31,2.0530034011489113
4704,73,32,2.0254973657683126
4705,73,33,2.00074108427206
4706,73,34,1.9791961564438068
4707,73,35,1.9612245140633089
4708,73,36,1.9470805392776642
4709,73,37,1.9369067685320114
4710,73,38,1.9307332615546482
4711,73,39,1.9284805838375472
4712,73,40,1.9299662238384698
4713,73,41,1.9349141476627185
4714,73,42,1.9429670887467663
4715,73,43,1.9537010819430591
4716,73,44,1.9666416835145193
4717,73,45,1.981281273127014
4718,73,46,1.99709681225527
4719,73,47,2.0135674357712237
4720,73,48,2.0301912791518633
4721,73,49,2.0465009910744696
4722,73,50,2.0620774476604056
4723,73,51,2.0765612670618623
4724,73,52,2.0896618176709256
4725,73,53,2.1011635157905113
4726,73,54,2.1109293147683155
4727,73,55,1.5160248681237967
4728,73,56,1.4867865163678189
4729,73,57,1.4589827041926904
4730,73,58,1.4329324672742842
4731,73,59,1.4089326546825458
4732,73,60,1.3872525572164704
4733,73,61,1.3681287942132458
4734,73,62,1.3517606038680228
4735,73,64,1.3278766953274679
4736,74,0,3.396536419738492
4737,74,1,3.3411990781227408
4738,74,2,3.286898233600433
4739,74,3,3.2343651593285268
4740,74,4,3.184276648076757
4741,74,5,3.1372370151127402
4742,74,6,1.5701875110989794
4743,74,7,1.5480243175898825
4744,74,8,1.5296324840738906
4745,74,9,1.5152161131124362
4746,74,10,1.5049059816834294
4747,74,11,1.4987594892514737
4748,74,12,1.49676210259032
4749,74,13,1.498830185413358
4750,74,14,1.5048150702566931
4751,74,15,1.5145082054473546
4752,74,16,1.5276471919003782
4753,74,17,1.5439225131978571
4754,74,18,1.562984757934723
4755,74,19,1.5844521354505476
4756,74,20,1.6079180943570968
4757,74,21,1.6329588670672817
4758,74,22,1.6591407820096513
4759,74,23,1.6860272074149725
4760,74,24,1.713185015434043
4761,74,25,1.7401904817833231
4762,74,26,1.766634563004268
4763,74,27,1.792127519686305
4764,74,28,1.8163028786415412
4765,74,29,1.8388207491443906
4766,74,30,2.0753379345552503
4767,74,31,2.0449431249457097
4768,74,32,2.0167403415792258
4769,74,33,1.9912864005060016
4770,74,34,1.9690508580631754
4771,74,35,1.9504045777808288
4772,74,36,1.9356116323420807
4773,74,37,1.9248247578353286
4774,74,38,1.9180844488969209
4775,74,39,1.9153216530202015
4776,74,40,1.9163638954091866
4777,74,41,1.9209445471913862
4778,74,42,1.9287148440805324
4779,74,43,1.9392581736135401
4780,74,44,1.9521060800476335
4781,74,45,1.9667553891942504
4782,74,46,1.98268583223389
4783,74,47,1.9993775482544627
4784,74,48,2.016327869248798
4785,74,49,2.0330668370157263
4786,74,50,2.049170966399047
4787,74,51,2.064274850404072
4788,74,52,2.078080296208659
4789,74,53,2.0903627827894553
4790,74,54,2.1009751364575036
4791,74,55,1.5218239982703843
4792,74,56,1.4918950251460907
4793,74,57,1.4634734645271534
4794,74,58,1.4368915937522582
4795,74,59,1.4124565065939787
4796,74,60,1.3904445755739956
4797,74,61,1.3710962732258722
4798,74,62,1.3546114966077816
4799,74,64,1.3308058076337725
4800,75,0,3.374411540021214
4801,75,1,3.3188341985724765
4802,75,2,3.26447048509976
4803,75,3,3.2120548015354187
4804,75,4,3.1622636922245513
4805,75,5,3.1156979322552183
4806,75,6,1.5788645626942108
4807,75,7,1.5555642952409057
4808,75,8,1.5359537331875373
4809,75,9,1.5202588900167306
4810,75,10,1.5086342593229347
4811,75,11,1.5011623059496264
4812,75,12,1.4978543974592884
4813,75,13,1.4986530763547308
4814,75,14,1.5034355446894774
4815,75,15,1.5120182095203
4816,75,16,1.5241621205327016
4817,75,17,1.5395791203417715
4818,75,18,1.557938523433437
4819,75,19,1.5788741412355127
4820,75,20,1.6019914779554683
4821,75,21,1.6268749339683801
4822,75,22,1.6530948699049222
4823,75,23,1.6802144042766578
4824,75,24,1.707795839504827
4825,75,25,1.7354066345701293
4826,75,26,1.762624866157209
4827,75,27,1.7890441431531852
4828,75,28,1.814277960778496
4829,75,29,1.837963499697056
4830,75,30,2.068427822905221
4831,75,31,2.0373339375673654
4832,75,32,2.00842039499508
4833,75,33,1.9822504888995596
4834,75,34,1.959301500202564
4835,75,35,1.9399530995139544
4836,75,36,1.9244790401019964
4837,75,37,1.9130423663535587
4838,75,38,1.90569423532792
4839,75,39,1.9023763195362378
4840,75,40,1.9029266326148147
4841,75,41,1.9070885010112453
4842,75,42,1.9145222986908135
4843,75,43,1.92481947214706
4844,75,44,1.9375183128845488
4845,75,45,1.952120886395159
4846,75,46,1.9681105018889793
4847,75,47,1.98496910609548
4848,75,48,2.0021940067599036
4849,75,49,2.019313375518009
4850,75,50,2.035900043272725
4851,75,51,2.05158318091186
4852,75,52,2.0660575505007297
4853,75,53,2.0790901128463397
4854,75,54,2.090523882223894
4855,75,55,1.5279232554642137
4856,75,56,1.497315892869643
4857,75,57,1.4682850812287107
4858,75,58,1.4411759955708912
4859,75,59,1.4163056675590227
4860,75,60,1.3939572888787903
4861,75,61,1.3743749738076725
4862,75,62,1.3577591243406049
4863,75,64,1.333987348045072
4864,76,0,3.3517146251776695
4865,76,1,3.295986419492376
4866,76,2,3.241644713954879
4867,76,3,3.189426329496883
4868,76,4,3.140006979630103
4869,76,5,3.093983457474774
4870,76,6,1.5874884383424843
4871,76,7,1.5630723258927448
4872,76,8,1.542261696819829
4873,76,9,1.5253041902527975
4874,76,10,1.512377801094271
4875,76,11,1.5035899168088467
4876,76,12,1.4989777363407595
4877,76,13,1.4985099840092362
4878,76,14,1.5020898043234105
4879,76,15,1.509558701939454
4880,76,16,1.5207013748579474
4881,76,17,1.5352512786170862
4882,76,18,1.552896754646563
4883,76,19,1.5732875568689475
4884,76,20,1.5960416166399132
4885,76,21,1.6207518966084968
4886,76,22,1.646993198318933
4887,76,23,1.6743288055284602
4888,76,24,1.7023168643766924
4889,76,25,1.7305164217799514
4890,76,26,1.758493063817659
4891,76,27,1.7858241155550274
4892,76,28,1.8121033819163515
4893,76,29,1.8369454252077602
4894,76,30,2.0619883759787725
4895,76,31,2.030188292074326
4896,76,32,2.000552791895656
4897,76,33,1.9736512916934739
4898,76,34,1.9499685386765837
4899,76,35,1.9298928601379783
4900,76,36,1.9137076552210588
4901,76,37,1.9015863618598448
4902,76,38,1.893591005395876
4903,76,39,1.8896743068717337
4904,76,40,1.8896852030869442
4905,76,41,1.8933775120776273
4906,76,42,1.9004213712815639
4907,76,43,1.9104169852567159
4908,76,44,1.9229101486985687
4909,76,45,1.937408961070226
4910,76,46,1.9534011229040853
4911,76,47,1.9703712012575214
4912,76,48,1.9878172724229854
4913,76,49,2.0052663923738585
4914,76,50,2.022288407273829
4915,76,51,2.038507694643246
4916,76,52,2.053612516814989
4917,76,53,2.0673617680511684
4918,76,54,2.0795890008171414
4919,76,55,1.5342895291211243
4920,76,56,1.5030174565153056
4921,76,57,1.4733871448070888
4922,76,58,1.4457563049236832
4923,76,59,1.4204515886415443
4924,76,60,1.397762740233381
4925,76,61,1.377937307073538
4926,76,62,1.3611760514705984
4927,76,64,1.3373936098115256
4928,77,0,3.32854206429634
4929,77,1,3.27275141545451
4930,77,2,3.218515344612384
4931,77,3,3.166572389230818
4932,77,4,3.1175968657000968
4933,77,5,3.0721811679280067
4934,77,6,1.5960279518329423
4935,77,7,1.5705176405326156
4936,77,8,1.5485263029484893
4937,77,9,1.530322866411442
4938,77,10,1.5161085562545011
4939,77,11,1.5060154820590068
4940,77,12,1.5001065461117522
4941,77,13,1.4983765993872986
4942,77,14,1.5007547453793681
4943,77,15,1.5071076718884098
4944,77,16,1.517243875776658
4945,77,17,1.5309186358700961
4946,77,18,1.5478395845603314
4947,77,19,1.5676727289895886
4948,77,20,1.5900487775673264
4949,77,21,1.6145696363973236
4950,77,22,1.640814952299705
4951,77,23,1.668348593716955
4952,77,24,1.6967249770684218
4953,77,25,1.7254951632210551
4954,77,26,1.7542126658522645
4955,77,27,1.7824389298253407
4956,77,28,1.8097484525952519
4957,77,29,1.8357335345402528
4958,77,30,2.0560272728513334
4959,77,31,2.023516861006512
4960,77,32,1.9931510998580073
4961,77,33,1.9655051469192781
4962,77,34,1.941070931331606
4963,77,35,1.920245261033711
4964,77,36,1.9033211214611436
4965,77,37,1.8904824056166485
4966,77,38,1.8818021907985267
4967,77,39,1.8772445498570294
4968,77,40,1.8766697595997666
4969,77,41,1.8798426507767112
4970,77,42,1.8864437374876784
4971,77,43,1.896082672878264
4972,77,44,1.9083135059321377
4973,77,45,1.922651163504793
4974,77,46,1.9385885540280563
4975,77,47,1.9556136851213415
4976,77,48,1.9732262062664203
4977,77,49,1.9909528283811655
4978,77,50,2.0083611323373387
4979,77,51,2.0250713552250095
4980,77,52,2.04076583287832
4981,77,53,2.0551958758107935
4982,77,54,2.068185958976613
4983,77,55,1.5408891390602335
4984,77,56,1.5089674905734927
4985,77,57,1.478748715747188
4986,77,58,1.450602683067983
4987,77,59,1.4248653365868655
4988,77,60,1.4018327030715365
4989,77,61,1.381755557238662
4990,77,62,1.3648348860512989
4991,77,64,1.3409973507767208
4992,78,0,3.3049918145148185
4993,78,1,3.249226086993187
4994,78,2,3.195177694406831
4995,78,3,3.1435861979651767
4996,78,4,3.095123968818328
4997,78,5,3.0503786106388344
4998,78,6,1.6044532181304918
4999,78,7,1.5778707258918974
5000,78,8,1.5547186860863444
5001,78,9,1.5352869266042444
5002,78,10,1.519799578685741
5003,78,11,1.5084132176072487
5004,78,12,1.501216264017974
5005,78,13,1.4982295837120148
5006,78,14,1.4994082005875986
5007,78,15,1.5046440188665964
5008,78,16,1.5137694366114647
5009,78,17,1.526561723280856
5010,78,18,1.542748029422557
5011,78,19,1.5620108963542143
5012,78,20,1.5839941374157394
5013,78,21,1.60830896954977
5014,78,22,1.6345402839339105
5015,78,23,1.6622529564365385
5016,78,24,1.6909981120458029
5017,78,25,1.7203192713751787
5018,78,26,1.749758321154601
5019,78,27,1.7788612636101817
5020,78,28,1.8071837112419353
5021,78,29,1.8342961032619478
5022,78,30,2.0505503432691445
5023,78,31,2.017328524127865
5024,78,32,1.9862271626225625
5025,78,33,1.9578267506546592
5026,78,34,1.9326260892647964
5027,78,35,1.911030265539867
5028,78,36,1.8933417667204058
5029,78,37,1.8797549784208836
5030,78,38,1.8703541909113315
5031,78,39,1.8651151111933355
5032,78,40,1.863909754133736
5033,78,41,1.866514468071791
5034,78,42,1.8726207436394706
5035,78,43,1.881848363061475
5036,78,44,1.8937603742797715
5037,78,45,1.9078793224074955
5038,78,46,1.9237041418757497
5039,78,47,1.9407271068419811
5040,78,48,1.9584502546479001
5041,78,49,1.9764007360679403
5042,78,50,1.9941446046211757
5043,78,51,2.011298632412468
5044,78,52,2.0275398282843504
5045,78,53,2.042612431509918
5046,78,54,2.0563322565820528
5047,78,55,1.5476879192166946
5048,78,56,1.5151332874351637
5049,78,57,1.4843384023917603
5050,78,58,1.4556848965039588
5051,78,59,1.429517669055317
5052,78,60,1.4061387561429206
5053,78,61,1.3858019569718802
5054,78,62,1.3687083560321078
5055,78,64,1.3447718725594018
5056,79,0,3.2811628695187727
5057,79,1,3.225508034480284
5058,79,2,3.1717274549774626
5059,79,3,3.12056103524557
5060,79,4,3.072678673246589
5061,79,5,3.028662819217562
5062,79,6,1.6127356824585564
5063,79,7,1.5851033611371197
5064,79,8,1.5608112305829194
5065,79,9,1.540169583561342
5066,79,10,1.523425081157249
5067,79,11,1.5107584540099188
5068,79,12,1.502283401069221
5069,79,13,1.4980466361064657
5070,79,14,1.4980290111735686
5071,79,15,1.5021476290987934
5072,79,16,1.5102588441618716
5073,79,17,1.5221620413574872
5074,79,18,1.5376040800184592
5075,79,19,1.556284286759329
5076,79,20,1.5778598853134471
5077,79,21,1.6019517563571597
5078,79,22,1.6281504282451038
5079,79,23,1.6560222090694865
5080,79,24,1.685115380930293
5081,79,25,1.7149663880987773
5082,79,26,1.7451059612489044
5083,79,27,1.7750651295626925
5084,79,28,1.8043810808181828
5085,79,29,1.8326028361844962
5086,79,30,2.045561576083768
5087,79,31,2.011630362659185
5088,79,32,1.9797910810293
5089,79,33,1.9506291256803818
5090,79,34,1.9246498343217533
5091,79,35,1.9022663465029388
5092,79,36,1.88379054192653
5093,79,37,1.8694273121983267
5094,79,38,1.8592722984937402
5095,79,39,1.8533131027199308
5096,79,40,1.8514338561759813
5097,79,41,1.8534229123167196
5098,79,42,1.8589833235604787
5099,79,43,1.8677456701989006
5100,79,44,1.8792827357534114
5101,79,45,1.8931254701607818
5102,79,46,1.9087796516395088
5103,79,47,1.9257426507090802
5104,79,48,1.9435197153491302
5105,79,49,1.9616392334912351
5106,79,50,1.9796664858512534
5107,79,51,1.9972154756837488
5108,79,52,2.013958508891943
5109,79,53,2.0296332941131547
5110,79,54,2.044047433697175
5111,79,55,1.5546512930239254
5112,79,56,1.5214817288216043
5113,79,57,1.490124429042157
5114,79,58,1.4609723823428407
5115,79,59,1.4343790978093716
5116,79,60,1.4106523450091044
5117,79,61,1.3900487476153416
5118,79,62,1.3727693685302709
5119,79,64,1.348691078536374
5120,80,0,3.2571547208834155
5121,80,1,3.20169502629564
5122,80,2,3.148260169424287
5123,80,3,3.0975897312080316
5124,80,4,3.050350630589151
5125,80,5,3.007119830506875
5126,80,6,1.6208481314257477
5127,80,7,1.5921886365737585
5128,80,8,1.5667775960068162
5129,80,9,1.5449452859618389
5130,80,10,1.5269604720399648
5131,80,11,1.51302767816862
5132,80,12,1.5032855884664065
5133,80,13,1.4978065446405984
5134,80,14,1.4965970825371826
5135,80,15,1.49959943596438
5136,80,16,1.5066939240859543
5137,80,17,1.5177021305354486
5138,80,18,1.5323907777923993
5139,80,19,1.5504761990068303
5140,80,20,1.5716293109637618
5141,80,21,1.5954809957579512
5142,80,22,1.6216278044486174
5143,80,23,1.6496379028961539
5144,80,24,1.6790571875526679
5145,80,25,1.7094155066123353
5146,80,26,1.7402329291015695
5147,80,27,1.7710260107513025
5148,80,28,1.8013140104854795
5149,80,29,1.8306250148307885
5150,80,30,2.041063134189608
5151,80,31,2.006427660113698
5152,80,32,1.9738512006023319
5153,80,33,1.9439235967721658
5154,80,34,1.9171563631518598
5155,80,35,1.8939704402397881
5156,80,36,1.8746869661266077
5157,80,37,1.8595213275050186
5158,80,38,1.848580630937568
5159,80,39,1.8418646117825093
5160,80,40,1.8392698756049073
5161,80,41,1.8405972500615584
5162,80,42,1.8455619186923293
5163,80,43,1.8538059158461446
5164,80,44,1.8649124875369318
5165,80,45,1.8784217689958367
5166,80,46,1.8938471978030922
5167,80,47,1.9106920725363417
5168,80,48,1.9284656806815663
5169,80,49,1.94669845499125
5170,80,50,1.9649556725356516
5171,80,51,1.9828492825949062
5172,80,52,2.0000475348623374
5173,80,53,2.016282174278117
5174,80,54,2.0313530689999606
5175,80,55,1.5617443411907777
5176,80,56,1.5279793490144515
5177,80,57,1.4960746950606019
5178,80,58,1.4664343036684362
5179,80,59,1.4394199406740333
5180,80,60,1.4153448308821341
5181,80,61,1.394468225109818
5182,80,62,1.3769910529731755
5183,80,64,1.3527295114773068
5184,81,0,3.233066815104903
5185,81,1,3.1778844640955333
5186,81,2,3.124870707952639
5187,81,3,3.0747641547028803
5188,81,4,3.028228262434243
5189,81,5,2.985834203686604
5190,81,6,1.628764687265192
5191,81,7,1.5991009553201267
5192,81,8,1.5725927254583685
5193,81,9,1.5495897327415675
5194,81,10,1.5303823751159809
5195,81,11,1.5151985582927125
5196,81,12,1.5042016075042137
5197,81,13,1.4974892210849244
5198,81,14,1.4950934238774436
5199,81,15,1.4969814646048871
5200,81,16,1.5030575906758972
5201,81,17,1.5131656263592526
5202,81,18,1.5270922757062657
5203,81,19,1.5445710697208783
5204,81,20,1.56528687769295
5205,81,21,1.5888809048604975
5206,81,22,1.6149561021459042
5207,81,23,1.6430829180944322
5208,81,24,1.672805327814014
5209,81,25,1.7036470781909516
5210,81,26,1.7351180925127523
5211,81,27,1.7667209805219266
5212,81,28,1.7979576016036454
5213,81,29,1.8283356291333352
5214,81,30,2.037055375985037
5215,81,31,2.001723909824542
5216,81,32,1.9684141059326423
5217,81,33,1.9377197728292077
5218,81,34,1.9101582180660623
5219,81,35,1.8861579071914667
5220,81,36,1.8660490780766588
5221,81,37,1.8500575772537116
5222,81,38,1.8383020673811763
5223,81,39,1.8307946330227862
5224,81,40,1.8274446904665167
5225,81,41,1.8280659911367223
5226,81,42,1.832386401803498
5227,81,43,1.8400600523533392
5228,81,44,1.8506813668052715
5229,81,45,1.8638004382167848
5230,81,46,1.878939174926694
5231,81,47,1.895607635087775
5232,81,48,1.9133199785458794
5233,81,49,1.9316094987753756
5234,81,50,1.9500422508527384
5235,81,51,1.9682288616297432
5236,81,52,1.9858341919977605
5237,81,53,2.0025846145723136
5238,81,54,2.0182727691243336
5239,81,55,1.568931862776027
5240,81,56,1.5345923908300247
5241,81,57,1.502156825955396
5242,81,58,1.4720395959069732
5243,81,59,1.4446103633160245
5244,81,60,1.4201875278791976
5245,81,61,1.399032772725367
5246,81,62,1.3813467892357227
5247,81,64,1.3568623720055206
5248,82,0,3.2089980092085177
5249,82,1,3.1541728480152678
5250,82,2,3.1016527447819664
5251,82,3,3.0521747039755844
5252,82,4,3.0063982667993137
5253,82,5,2.9648885443757904
5254,82,6,1.6364607864688565
5255,82,7,1.6058160191265434
5256,82,8,1.578232837883052
5257,82,9,1.5540798713459492
5258,82,10,1.533668633349508
5259,82,11,1.5172499528949304
5260,82,12,1.5050114036172382
5261,82,13,1.4970757199411489
5262,82,14,1.4935001722360564
5263,82,15,1.4942768610880386
5264,82,16,1.499333881311928
5265,82,17,1.5085372994396615
5266,82,18,1.5216938839386336
5267,82,19,1.5385545250344452
5268,82,20,1.5588182803581656
5269,82,21,1.5821369832776864
5270,82,22,1.6081203522466856
5271,82,23,1.6363415413516205
5272,82,24,1.6663430740189988
5273,82,25,1.6976431031706387
5274,82,26,1.7297419416603494
5275,82,27,1.7621288063532594
5276,82,28,1.7942887175787146
5277,82,29,1.825709492865235
5278,82,30,2.033536883354177
5279,82,31,1.997520829225839
5280,82,32,1.9634846219774493
5281,82,33,1.932025536006501
5282,82,34,1.9036662649044425
5283,82,35,1.8788424995071809
5284,82,36,1.8578933945924103
5285,82,37,1.841055196940892
5286,82,38,1.8284581919701646
5287,82,39,1.8201270058666665
5288,82,40,1.8159841799080245
5289,82,41,1.815856818261521
5290,82,42,1.8194860045006827
5291,82,43,1.8265385894923671
5292,82,44,1.836620877652198
5293,82,45,1.8492936825719226
5294,82,46,1.8640881885496077
5295,82,47,1.8805220425318976
5296,82,48,1.8981151113776373
5297,82,49,1.916404371203536
5298,82,50,1.934957447021931
5299,82,51,1.9533843892897411
5300,82,52,1.9713473560639874
5301,82,53,1.9885679614146599
5302,82,54,2.00483214847454
5303,82,55,1.5761784306206779
5304,82,56,1.5412868554490489
5305,82,57,1.5083382176082432
5306,82,58,1.4777570054105165
5307,82,59,1.449920412091722
5308,82,60,1.4251517299872576
5309,82,61,1.4037148819350107
5310,82,62,1.3858102221546624
5311,82,64,1.3610655193585313
5312,83,0,3.1850460278448587
5313,83,1,3.1306552446602933
5314,83,2,3.0786982391068216
5315,83,3,3.029909802616667
5316,83,4,2.9849451310067927
5317,83,5,2.9443630362644906
5318,83,6,1.6439131442940658
5319,83,7,1.61231079971546
5320,83,8,1.583675405661055
5321,83,9,1.5583938811039744
5322,83,10,1.5367982976965997
5323,83,11,1.5191619047990397
5324,83,12,1.5056960854505952
5325,83,13,1.4965482425332355
5326,83,14,1.4918006016466465
5327,83,15,1.491469906719135
5328,83,16,1.4955079760910497
5329,83,17,1.5038030805902394
5330,83,18,1.5161821007386227
5331,83,19,1.532413417372768
5332,83,20,1.5522104882598613
5333,83,21,1.5752360623399533
5334,83,22,1.6011069826129471
5335,83,23,1.6293995280166012
5336,83,24,1.6596552435502208
5337,83,25,1.6913872060877495
5338,83,26,1.7240866705707927
5339,83,27,1.757230037445402
5340,83,28,1.790286077275399
5341,83,29,1.8227233425037153
5342,83,30,2.030504496140961
5343,83,31,1.9938183809192012
5344,83,32,1.9590658223609856
5345,83,33,1.9268470379809841
5346,83,34,1.8976896780809276
5347,83,35,1.872036335754967
5348,83,36,1.850234875878982
5349,83,37,1.8325318616049384
5350,83,38,1.8190692435000066
5351,83,39,1.8098843579434254
5352,83,40,1.804913162490704
5353,83,41,1.8039965213812998
5354,83,42,1.8068892487225148
5355,83,43,1.8132715242288575
5356,83,44,1.8227622202393672
5357,83,45,1.8349336218433225
5358,83,46,1.8493269862362471
5359,83,47,1.8654683739004643
5360,83,48,1.8828841929039022
5361,83,49,1.9011159276457752
5362,83,50,1.9197335729732328
5363,83,51,1.9383473611852582
5364,83,52,1.9566174498037066
5365,83,53,1.9742613283956865
5366,83,54,1.9910587991159219
5367,83,55,1.5834484423352773
5368,83,56,1.5480285473576922
5369,83,57,1.5145860749575866
5370,83,58,1.4835551216256644
5371,83,59,1.4553200393937114
5372,83,60,1.4302087292266892
5373,83,61,1.4084871629811202
5374,83,62,1.3903552640322847
5375,83,64,1.3653154561938332
5376,84,0,3.1613069247943337
5377,84,1,3.1074247607436973
5378,84,2,3.056096922895799
5379,84,3,3.0080554034847746
5380,84,4,2.963950653603599
5381,84,5,2.9243349827886487
5382,84,6,1.6510997067930508
5383,84,7,1.618563497198761
5384,84,8,1.5888991189347028
5385,84,9,1.5625111430902634
5386,84,10,1.5397516022254965
5387,84,11,1.5209156213359265
5388,84,12,1.506237910035576
5389,84,13,1.4958901271435376
5390,84,14,1.4899791182784676
5391,84,15,1.4885460182934591
5392,84,16,1.4915662033301986
5393,84,17,1.4989500717505748
5394,84,18,1.5105446289518492
5395,84,19,1.5261358477643054
5396,84,20,1.54545177340644
5397,84,21,1.5681663394563083
5398,84,22,1.5939038586218062
5399,84,23,1.6222441489229862
5400,84,24,1.6527282519549236
5401,84,25,1.6848646949711088
5402,84,26,1.7181362424926516
5403,84,27,1.7520070759829602
5404,84,28,1.7859303319094022
5405,84,29,1.819355919424871
5406,84,30,2.027953353059833
5407,84,31,1.9906148005257098
5408,84,32,1.955159044725536
5409,84,33,1.9221887034420755
5410,84,34,1.8922359329300944
5411,84,35,1.865749882910995
5412,84,36,1.8430868980108988
5413,84,37,1.8245037496989305
5414,84,38,1.8101540716289657
5415,84,39,1.800088054622009
5416,84,40,1.7942553400590397
5417,84,41,1.7925109368948777
5418,84,42,1.7946238823559555
5419,84,43,1.800288273752494
5420,84,44,1.8091362222485627
5421,84,45,1.820752221700753
5422,84,46,1.8346883887719732
5423,84,47,1.8504800155158072
5424,84,48,1.8676608826303367
5425,84,49,1.8857778097858118
5426,84,50,1.9044039671428534
5427,84,51,1.9231505369090933
5428,84,52,1.9416763923765854
5429,84,53,1.9596955506689386
5430,84,54,1.9769822503937116
5431,84,55,1.590706168152426
5432,84,56,1.554783115776041
5433,84,57,1.5208674465810432
5434,84,58,1.4894024043591831
5435,84,59,1.4607791230784302
5436,84,60,1.435329826669872
5437,84,61,1.413322346867186
5438,84,62,1.3949560869424702
5439,84,64,1.3695892994255532
5440,85,0,3.1378745517938262
5441,85,1,3.084572025216313
5442,85,2,3.033935798297367
5443,85,3,2.986694503285057
5444,85,4,2.943493477910536
5445,85,5,2.90487836132943
5446,85,6,1.6579995921666562
5447,85,7,1.6245534872868768
5448,85,8,1.593883838300743
5449,85,9,1.56641219801334
5450,85,10,1.5425099269955438
5451,85,11,1.5224934420846397
5452,85,12,1.5066202553344235
5453,85,13,1.4950858263648832
5454,85,14,1.4880212426519657
5455,85,15,1.4854917352737653
5456,85,16,1.4874960318353891
5457,85,17,1.4939665434966947
5458,85,18,1.5047703789301834
5459,85,19,1.5197111743051492
5460,85,20,1.538531724675099
5461,85,21,1.5609173980899547
5462,85,22,1.5865003090418395
5463,85,23,1.614864222211987
5464,85,24,1.6455501507138064
5465,85,25,1.678062605004945
5466,85,26,1.7118764393474983
5467,85,27,1.7464442322117253
5468,85,28,1.781204125532018
5469,85,29,1.8155880355241605
5470,85,30,2.0258769389585307
5471,85,31,1.987906631289684
5472,85,32,1.9517639131436826
5473,85,33,1.9180532408556545
5474,85,34,1.887310805436604
5475,85,35,1.859991945732805
5476,85,36,1.8364612326857872
5477,85,37,1.8169855140129152
5478,85,38,1.8017300998010795
5479,85,39,1.7907581548030151
5480,85,40,1.7840332472976397
5481,85,41,1.7814248918910098
5482,85,42,1.7827168190763045
5483,85,43,1.7876176118441403
5484,85,44,1.7957732726890896
5485,85,45,1.8067812258418856
5486,85,46,1.8202052214978015
5487,85,47,1.8355905923407498
5488,85,48,1.85247931797614
5489,85,49,1.8704243792504394
5490,85,50,1.8890029302371956
5491,85,51,1.9078278784977234
5492,85,52,1.926557540995658
5493,85,53,1.94490313014948
5494,85,54,1.9626339179847154
5495,85,55,1.597915797042078
5496,85,56,1.5615160940436403
5497,85,57,1.5271492567215095
5498,85,58,1.4952672077635525
5499,85,59,1.4662674816801846
5500,85,60,1.4404863381068858
5501,85,61,1.4181932806588275
5502,85,62,1.3995871068198573
5503,85,64,1.3738647392827348
5504,86,0,3.114840037577455
5505,86,1,3.0621846827089123
5506,86,2,3.012298647390016
5507,86,3,2.965906670448908
5508,86,4,2.9236486397471846
5509,86,5,2.8860633923734844
5510,86,6,1.6645930233684814
5511,86,7,1.6302612591385888
5512,86,8,1.5986105376367583
5513,86,9,1.570078693817456
5514,86,10,1.5450557502978777
5515,86,11,1.5238787956753972
5516,86,12,1.5068275815833014
5517,86,13,1.4941208730084197
5518,86,14,1.4859135801759373
5519,86,15,1.4822946950523053
5520,86,16,1.4832860510064538
5521,86,17,1.4888419201196765
5522,86,18,1.4988494587197183
5523,86,19,1.513130007587458
5524,86,20,1.5314412485992732
5525,86,21,1.5534802140031556
5526,86,22,1.5788871378069858
5527,86,23,1.6072501306744766
5528,86,24,1.6381106501533176
5529,86,25,1.6709697269730692
5530,86,26,1.7052948956250713
5531,86,27,1.740527763660514
5532,86,28,1.7760921394112614
5533,86,29,2.063956608700436
5534,86,30,2.024267138317967
5535,86,31,1.9856887653652517
5536,86,32,1.9488783675630754
5537,86,33,1.9144416605073098
5538,86,34,1.8829183793816704
5539,86,35,1.8547696635735413
5540,86,36,1.830368034325602
5541,86,37,1.8099902597304793
5542,86,38,1.7938132949695134
5543,86,39,1.7819133730567343
5544,86,40,1.7742682070613007
5545,86,41,1.7707621534696956
5546,86,42,1.771194082472757
5547,86,43,1.7752876086240597
5548,86,44,1.782703258083659
5549,86,45,1.793052089418431
5550,86,46,1.8059102457578031
5551,86,47,1.8208338981975138
5552,86,48,1.8373740439748953
5553,86,49,1.8550906474541766
5554,86,50,1.873565655826296
5555,86,51,1.892414482313892
5556,86,52,1.911295624567881
5557,86,53,1.9299181713036793
5558,86,54,1.9480470421450986
5559,86,55,1.605041482547323
5560,86,56,1.5681929384969742
5561,86,57,1.5333983363735968
5562,86,58,1.5011178027460803
5563,86,59,1.4717548872080395
5564,86,60,1.4456495962537599
5565,86,61,1.4230729180950263
5566,86,62,1.4042229614453845
5567,86,64,1.3781199889474276
5568,87,0,3.0922912799858415
5569,87,1,3.040346901064145
5570,87,2,2.9912655569681625
5571,87,3,2.9457675889109987
5572,87,4,2.9044871318238696
5573,87,5,2.8679561260129507
5574,87,6,1.6708612539840526
5575,87,7,1.635668345808843
5576,87,8,1.603061238948355
5577,87,9,1.5734933248106642
5578,87,10,1.547372591993489
5579,87,11,1.525056147310269
5580,87,12,1.5068453830068438
5581,87,13,1.492981836056371
5582,87,14,1.4836437814098764
5583,87,15,1.4789435976147989
5584,87,16,1.4789259400087518
5585,87,17,1.4835667534186918
5586,87,18,1.4927731525897732
5587,87,19,1.5063841940739326
5588,87,20,1.5241725576872496
5589,87,21,1.5458471486026633
5590,87,22,1.5710566224510127
5591,87,23,1.5993938253125168
5592,87,24,1.6304011281451933
5593,87,25,1.663576621078245
5594,87,26,1.6983811172739989
5595,87,27,1.734245899024137
5596,87,28,1.770581120797777
5597,87,29,2.063322872336765
5598,87,30,2.023114294842563
5599,87,31,1.983954491680026
5600,87,32,1.9464987002140322
5601,87,33,1.91135329978606
5602,87,34,1.8790610608935587
5603,87,35,1.8500885146448525
5604,87,36,1.8248158345487155
5605,87,37,1.8035295296537628
5606,87,38,1.7864181441604905
5607,87,39,1.7735710481491591
5608,87,40,1.7649802915177455
5609,87,41,1.7605453831816218
5610,87,42,1.7600807544832553
5611,87,43,1.763325573692468
5612,87,44,1.7699555010290544
5613,87,45,1.7795959137275785
5614,87,46,1.791836090420172
5615,87,47,1.806243824797275
5616,87,48,1.8223799404633088
5617,87,49,1.8398122015616654
5618,87,50,1.8581281556504137
5619,87,51,1.876946504216737
5620,87,52,1.8959266691893193
5621,87,53,1.9147763073672746
5622,87,54,1.9332566149805783
5623,87,55,1.6120473898300764
5624,87,56,1.574779068409298
5625,87,57,1.539581455088288
5626,87,58,1.5069223995539822
5627,87,59,1.4772110773799165
5628,87,60,1.450790951467517
5629,87,61,1.427934307591821
5630,87,62,1.4088384845367363
5631,87,64,1.3823337272580845
5632,88,0,3.0703124539453
5633,88,1,3.0191388956790512
5634,88,2,2.9709124609946413
5635,88,3,2.9263486203154807
5636,88,4,2.8860754872249714
5637,88,5,2.850618048093698
5638,88,6,1.6767864894799642
5639,88,7,1.6407572493330471
5640,88,8,1.6072189412147497
5641,88,9,1.5766397642316514
5642,88,10,1.5494449497921097
5643,88,11,1.5260109387723246
5644,88,12,1.5066601315993589
5645,88,13,1.4916562682765928
5646,88,14,1.4812004935884242
5647,88,15,1.4754281610622588
5648,88,16,1.4744064273865007
5649,88,17,1.4781326865024753
5650,88,18,1.4865338891177295
5651,88,19,1.4994667885562045
5652,88,20,1.5167191473360238
5653,88,21,1.5380119303798783
5654,88,22,1.5630025001313752
5655,88,23,1.5912888159890857
5656,88,24,1.6224146254076346
5657,88,25,1.6558756169030244
5658,88,26,1.691126486312777
5659,88,27,1.7275888473973435
5660,88,28,1.7646598967374143
5661,88,29,2.0631018611089327
5662,88,30,2.022407276961641
5663,88,31,1.98269555023242
5664,88,32,1.944619598868153
5665,88,33,1.9087858556241157
5666,88,34,1.875739600340754
5667,88,35,1.8459523276859575
5668,88,36,1.819811543985113
5669,88,37,1.797613296579931
5670,88,38,1.779557637867918
5671,88,39,1.7657471179496542
5672,88,40,1.7561882890971012
5673,88,41,1.7507960965773983
5674,88,42,1.7494009281253824
5675,88,43,1.7517580026422088
5676,88,44,1.7575587011027154
5677,88,45,1.7664433821300236
5678,88,46,1.7780151834226554
5679,88,47,1.7918542895201985
5680,88,48,1.8075321466869525
5681,88,49,1.8246251264868558
5682,88,50,1.8427271795498665
5683,88,51,1.8614610779221388
5684,88,52,1.8804879153921685
5685,88,53,1.8995146168858474
5686,88,54,1.918299296632782
5687,88,55,1.6188977454185145
5688,88,56,1.5812399085684503
5689,88,57,1.5456653551633301
5690,88,58,1.5126491723035507
5691,88,59,1.4826057691718566
5692,88,60,1.4558817729652849
5693,88,61,1.4327505797648352
5694,88,62,1.4134086782088378
5695,88,64,1.3864850370493313
5696,89,0,3.0489835380500976
5697,89,1,2.998636473307283
5698,89,2,2.9513107032758494
5699,89,3,2.9077163871055065
5700,89,4,2.868475384327482
5701,89,5,2.8341057082376455
5702,89,6,1.6823518059593088
5703,89,7,1.6455113625392104
5704,89,8,1.6110675452737435
5705,89,9,1.5795025922408208
5706,89,10,1.5512582303971465
5707,89,11,1.5267295227839364
5708,89,12,1.5062592147651621
5709,89,13,1.490132647220191
5710,89,14,1.4785733050557333
5711,89,15,1.471739069563579
5712,89,16,1.4697192426151504
5713,89,17,1.472532409021448
5714,89,18,1.4801252001778529
5715,89,19,1.4923720169732066
5716,89,20,1.5090757625471511
5717,89,21,1.5299696255866766
5718,89,22,1.5547199423218205
5719,89,23,1.5829301501885118
5720,89,24,1.6141458283790706
5721,89,25,1.647860800437058
5722,89,26,1.683524252045952
5723,89,27,1.7205487937107304
5724,89,28,1.758319373753522
5725,89,29,2.063278357369782
5726,89,30,2.0221335490289274
5727,89,31,1.9819021926405518
5728,89,32,1.9432341967933313
5729,89,33,1.9067354239619734
5730,89,34,1.8729531214576172
5731,89,35,1.8423633009458884
5732,89,36,1.8153604613557222
5733,89,37,1.7922499627611874
5734,89,38,1.7732432602190342
5735,89,39,1.7584561006663875
5736,89,40,1.747909677197785
5737,89,41,1.741534627817883
5738,89,42,1.7391776644746462
5739,89,43,1.7406105268937313
5740,89,44,1.7455408780634458
5741,89,45,1.753624697140345
5742,89,46,1.7644796832855971
5743,89,47,1.7776991618869833
5744,89,48,1.7928659832625558
5745,89,49,1.8095659228680976
5746,89,50,1.8274001299582399
5747,89,51,1.8459962264962184
5748,89,52,1.8650177270914907
5749,89,53,1.8841715305328972
5750,89,54,1.903213320346962
5751,89,55,1.6255568911209222
5752,89,56,1.5875409360425103
5753,89,57,1.551616789864278
5754,89,58,1.5182662872037638
5755,89,59,1.4879086755490651
5756,89,60,1.4608934525414707
5757,89,61,1.4374949366031582
5758,89,62,1.4179086860866352
5759,89,64,1.390553341741782
5760,90,0,3.0283798623975784
5761,90,1,2.978910597883999
5762,90,2,2.932526622826738
5763,90,3,2.8899323788590574
5764,90,4,2.8517432754055716
5765,90,5,2.818470371870159
5766,90,6,1.6875410685715895
5767,90,7,1.6499148897030995
5768,90,8,1.6145917768219449
5769,90,9,1.5820672213662026
5770,90,10,1.5527986774964655
5771,90,11,1.5271990936383706
5772,90,12,1.5056308686822546
5773,90,13,1.488400311403002
5774,90,14,1.4757526843444546
5775,90,15,1.4678679154057095
5776,90,16,1.464857061190799
5777,90,17,1.4667596053595897
5778,90,18,1.4735416722951165
5779,90,19,1.4850952309841017
5780,90,20,1.5012383557751539
5781,90,21,1.521716599416573
5782,90,22,1.5462055193862188
5783,90,23,1.5743143810472058
5784,90,24,1.605591040775853
5785,90,25,1.6395279892389658
5786,90,26,1.6755695099155241
5787,90,27,1.7131198813657462
5788,90,28,1.7515525243684746
5789,90,29,2.063835926841755
5790,90,30,2.022279247973197
5791,90,31,1.9815632487216583
5792,90,32,1.9423341292072893
5793,90,33,1.9051965460616254
5794,90,34,1.870699157543408
5795,90,35,1.8393220283355365
5796,90,36,1.8114662896860372
5797,90,37,1.787446366330006
5798,90,38,1.7674849858025041
5799,90,39,1.7517110823091506
5800,90,40,1.7401606005553614
5801,90,41,1.7327800992581293
5802,90,42,1.7294329538080229
5803,90,43,1.7299078667751966
5804,90,44,1.733929317273982
5805,90,45,1.7411695186226486
5806,90,46,1.7512614105312634
5807,90,47,1.7638121886672704
5808,90,48,1.7784168714500652
5809,90,49,1.7946714209817323
5810,90,50,1.812184970932685
5811,90,51,1.8305907669688082
5812,90,52,1.84955549223377
5813,90,53,1.868786728225332
5814,90,54,1.8880383864611248
5815,90,55,1.6319893435137947
5816,90,56,1.5936477326266583
5817,90,57,1.5574025672664529
5818,90,58,1.5237419361734577
5819,90,59,1.493089527199057
5820,90,60,1.4657974127371234
5821,90,61,1.442140644395173
5822,90,62,1.4223137693296266
5823,90,64,1.3945183427946986
5824,91,0,3.00857168022788
5825,91,1,2.960026980835923
5826,91,2,2.9146211642903337
5827,91,3,2.87305258412982
5828,91,4,2.8359300410663284
5829,91,5,2.803757698277096
5830,91,6,1.6923388517074427
5831,91,7,1.6539527681559996
5832,91,8,1.617777109611932
5833,91,9,1.5843198214513041
5834,91,10,1.5540532986054263
5835,91,11,1.5274076160648433
5836,91,12,1.5047641092985624
5837,91,13,1.4864493935252805
5838,91,14,1.4727299156957534
5839,91,15,1.4638071368776864
5840,91,16,1.4598134449315139
5841,91,17,1.4608088973991558
5842,91,18,1.4667788919158355
5843,91,19,1.4776328557875604
5844,91,20,1.4932040373422757
5845,91,21,1.5132504690697017
5846,91,22,1.5374571563600532
5847,91,23,1.5654395259327276
5848,91,24,1.5967481450675711
5849,91,25,1.6308746969263632
5850,91,26,1.6672591691454244
5851,91,27,1.7052981831953031
5852,91,28,1.7443543615638142
5853,91,29,2.064757009708725
5854,91,30,2.022829265118785
5855,91,31,1.981666198841782
5856,91,32,1.9419095959886246
5857,91,33,1.904162261444318
5858,91,34,1.8689736945270257
5859,91,35,1.836827532556314
5860,91,36,1.8081311594741138
5861,91,37,1.7832077945218896
5862,91,38,1.762291283002738
5863,91,39,1.745523710234253
5864,91,40,1.7329558551396698
5865,91,41,1.7245503958808512
5866,91,42,1.7201876807994199
5867,91,43,1.7196737877456627
5868,91,44,1.7227505172553688
5869,91,45,1.7291069030144246
5870,91,46,1.7383917789466556
5871,91,47,1.7502269175777978
5872,91,48,1.764220249704695
5873,91,49,1.7799786905835813
5874,91,50,1.7971201317318841
5875,91,51,1.8152842081008216
5876,91,52,1.8341415152068572
5877,91,53,1.8534010266239056
5878,91,54,1.8728155454344877
5879,91,55,1.6381598603261365
5880,91,56,1.5995260443776946
5881,91,57,1.56298960122169
5882,91,58,1.5290443774668225
5883,91,59,1.4981181010063795
5884,91,60,1.4705651213396345
5885,91,61,1.446661032437101
5886,91,62,1.4265992877652325
5887,91,64,1.39835996059004
5888,92,0,2.9896237658075946
5889,92,1,2.942045698224794
5890,92,2,2.8976495156607327
5891,92,3,2.8571271499349806
5892,92,4,2.8210806725442863
5893,92,5,2.79000744659818
5894,92,6,1.6967303630610218
5895,92,7,1.6576105929195875
5896,92,8,1.6206096909046726
5897,92,9,1.5862472461396615
5898,92,10,1.5550097927666366
5899,92,11,1.5273437542952455
5900,92,12,1.5036486628874997
5901,92,13,1.4842707526105843
5902,92,14,1.4694970328521524
5903,92,15,1.4595499537686552
5904,92,16,1.4545827792174535
5905,92,17,1.4546757835311857
5906,92,18,1.45983338621424
5907,92,19,1.4699823327536383
5908,92,20,1.48497101993456
5909,92,21,1.504570050167518
5910,92,22,1.5284740813590723
5911,92,23,1.556305016947399
5912,92,24,1.587616555206242
5913,92,25,1.6219000882938246
5914,92,26,1.6585919104458857
5915,92,27,1.697081661987284
5916,92,28,1.7367219023900535
5917,92,29,2.0660230158394395
5918,92,30,2.0237673328604977
5919,92,31,1.9821972517365531
5920,92,32,1.9419494303614984
5921,92,33,1.9036241671835339
5922,92,34,1.867771220642013
5923,92,35,1.8348773049634521
5924,92,36,1.8053556585841548
5925,92,37,1.779538003480098
5926,92,38,1.7576691236382613
5927,92,39,1.739904192583166
5928,92,40,1.7263088774064057
5929,92,41,1.7168621444209367
5930,92,42,1.7114615936250916
5931,92,43,1.7099310596371342
5932,92,44,1.7120301392682167
5933,92,45,1.7174652434946518
5934,92,46,1.725901726628579
5935,92,47,1.7369766195337966
5936,92,48,1.750311487499288
5937,92,49,1.765524946697642
5938,92,50,1.7822444049922521
5939,92,51,1.8001166413895973
5940,92,52,1.8188169011311508
5941,92,53,1.8380562571764991
5942,92,54,1.857587070113355
5943,92,55,1.6440335149277405
5944,92,56,1.6051418495263945
5945,92,57,1.5683449708367485
5946,92,58,1.5341419848055708
5947,92,59,1.5029642568939188
5948,92,60,1.4751681139797208
5949,92,61,1.4510294994482817
5950,92,62,1.4307406882269122
5951,92,64,1.402058281229329
5952,93,0,2.9715950408705094
5953,93,1,2.9250208369449076
5954,93,2,2.88166077542994
5955,93,3,2.842200070902768
5956,93,4,2.8072339837532603
5957,93,5,2.7772532115348185
5958,93,6,1.7007013735663175
5959,93,7,1.6608745463782502
5960,93,8,1.6230762711830704
5961,93,9,1.5878369628895976
5962,93,10,1.5556564810803832
5963,93,11,1.5269968032805254
5964,93,12,1.5022748980793101
5965,93,13,1.481855906944135
5966,93,14,1.4660467529636159
5967,93,15,1.4550903022776318
5968,93,16,1.4491602089230011
5969,93,17,1.4483565756194983
5970,93,18,1.4527025610969888
5971,93,19,1.4621420584850917
5972,93,20,1.4765385587521267
5973,93,21,1.4956752980478354
5974,93,22,1.5192567681056157
5975,93,23,1.54691164480928
5976,93,24,1.5781971620270994
5977,93,25,1.6126049264440803
5978,93,26,1.6495681351331886
5979,93,27,1.6884701218990559
5980,93,28,1.7286541220290546
5981,93,29,2.0676144237813237
5982,93,30,2.0250761158436887
5983,93,31,1.9831414274655588
5984,93,32,1.942441173228122
5985,93,33,1.903572483239114
5986,93,34,1.867084782409849
5987,93,35,1.8334673518745825
5988,93,36,1.8031388685897638
5989,93,37,1.7764392443807795
5990,93,38,1.753623998658172
5991,93,39,1.734861303385929
5992,93,40,1.720231738692738
5993,93,41,1.7097306969909893
5994,93,42,1.703273276811275
5995,93,43,1.7007014187721596
5996,93,44,1.7017929588041338
5997,93,45,1.7062722110083284
5998,93,46,1.713821646754508
5999,93,47,1.7240942094309586
6000,93,48,1.736725796430542
6001,93,49,1.751347451404253
6002,93,50,1.7675968395957136
6003,93,51,1.785128625449036
6004,93,52,1.8036234322145375
6005,93,53,1.822795134934578
6006,93,54,1.8423963175145524
6007,93,55,1.649575779988185
6008,93,56,1.6104614359135336
6009,93,57,1.5734359897038437
6010,93,58,1.539003306369015
6011,93,59,1.5075979845090939
6012,93,60,1.479578026447536
6013,93,61,1.4552195294748445
6014,93,62,1.4347135020542905
6015,93,64,1.4055935115962879
6016,94,0,2.9545382317891216
6017,94,1,2.909000172055081
6018,94,2,2.8666976511382267
6019,94,3,2.828308909951905
6020,94,4,2.7944223548539613
6021,94,5,2.765522190411528
6022,94,6,1.704238155108833
6023,94,7,1.6637313349065148
6024,94,8,1.6251641400515415
6025,94,9,1.5890769884429612
6026,94,10,1.555982241980764
6027,94,11,1.5263566239562665
6028,94,12,1.5006337612464022
6029,94,13,1.479196969662655
6030,94,14,1.4623724124286752
6031,94,15,1.4504227711236146
6032,94,16,1.4435415747942224
6033,94,17,1.4418483356349023
6034,94,18,1.4453846380852817
6035,94,19,1.4541113219509045
6036,94,20,1.467906888920267
6037,94,21,1.4865672455118943
6038,94,22,1.5098068741109143
6039,94,23,1.537261497617174
6040,94,24,1.568492272797869
6041,94,25,1.6029915133813477
6042,94,26,1.640189907087384
6043,94,27,1.67946515216071
6044,94,28,1.7201518996829588
6045,94,29,2.0695108831355373
6046,94,30,2.0267373062671794
6047,94,31,1.9844826451253916
6048,94,32,1.9433711527823463
6049,94,33,1.9039961234750975
6050,94,34,1.866906046584659
6051,94,35,1.8325922469888158
6052,94,36,1.8014784072458736
6053,94,37,1.7739122955733357
6054,94,38,1.7501599396094554
6055,94,39,1.7304023930623884
6056,94,40,1.7147351445128538
6057,94,41,1.7031701189892283
6058,94,42,1.6956401276336175
6059,94,43,1.692005532797623
6060,94,44,1.6920628188619569
6061,94,45,1.695554696059029
6062,94,46,1.7021813180306489
6063,94,47,1.7116121654520713
6064,94,48,1.7234981386487287
6065,94,49,1.737483411715561
6066,94,50,1.7532166283676913
6067,94,51,1.770361063956275
6068,94,52,1.7886034364181724
6069,94,53,1.8076611184471574
6070,94,54,1.8272875804896316
6071,94,55,1.6547526212071093
6072,94,56,1.615451488924827
6073,94,57,1.5782302859500035
6074,94,58,1.543597134817313
6075,94,59,1.5119894610563276
6076,94,60,1.4837666381728154
6077,94,61,1.4592047188874095
6078,94,62,1.4384933535383817
6079,94,64,1.40894594486995
6080,95,0,2.9384995594985526
6081,95,1,2.894024877172982
6082,95,2,2.852796191155405
6083,95,3,2.8154845522235563
6084,95,4,2.782671508945492
6085,95,5,2.754834983081561
6086,95,6,1.7073274277821242
6087,95,7,1.6661681342492083
6088,95,8,1.6268610701378865
6089,95,9,1.589955831574061
6090,95,10,1.5559764530858218
6091,95,11,1.5254135843808274
6092,95,12,1.498716717055068
6093,95,13,1.4762865887919845
6094,95,14,1.458467906446709
6095,95,15,1.44554254060875
6096,95,16,1.437723351998617
6097,95,17,1.4351488136593673
6098,95,18,1.4378785917462777
6099,95,19,1.4458902413355221
6100,95,20,1.459077161776991
6101,95,21,1.4772479386119202
6102,95,22,1.500127176075598
6103,95,23,1.5273578960367455
6104,95,24,1.558505546429499
6105,95,25,1.593063625556625
6106,95,26,1.630460889015342
6107,95,27,1.6700700645123203
6108,95,28,1.7112179577128679
6109,95,29,2.071691319897137
6110,95,30,2.0287317228947632
6111,95,31,1.986203814910415
6112,95,32,1.9447245689984185
6113,95,33,1.9048827719623365
6114,95,34,1.8672253676696435
6115,95,35,1.8322451895383491
6116,95,36,1.8003704767258648
6117,95,37,1.7719565003898827
6118,95,38,1.7472795455495227
6119,95,39,1.7265334040194222
6120,95,40,1.709828438478774
6121,95,41,1.697193181045762
6122,95,42,1.6885783358586166
6123,95,43,1.6838629680627357
6124,95,44,1.6828625848781225
6125,95,45,1.6853387511836067
6126,95,46,1.6910098347795688
6127,95,47,1.69956244691219
6128,95,48,1.7106631326793464
6129,95,49,1.723969873664192
6130,95,50,1.739142990791301
6131,95,51,1.7558550774134143
6132,95,52,1.7737996487461272
6133,95,53,1.7926982611115538
6134,95,54,1.812305929716721
6135,95,55,1.659530601827084
6136,95,56,1.6200791907054501
6137,95,57,1.5826958939728946
6138,95,58,1.5478925893207784
6139,95,59,1.5161091213722264
6140,95,60,1.4877059281074467
6141,95,61,1.4629588158712008
6142,95,62,1.4420559808877285
6143,95,64,1.4120959384675884
6144,96,0,2.9235184640305634
6145,96,1,2.8801292696959395
6146,96,2,2.8399855513572287
6147,96,3,2.8037509938244356
6148,96,4,2.7720003233287747
6149,96,5,2.7452054260097607
6150,96,6,1.7099563183012196
6151,96,7,1.6681725453058038
6152,96,8,1.6281552706786606
6153,96,9,1.5904624448207751
6154,96,10,1.5556289413363407
6155,96,11,1.5241585084662717
6156,96,12,1.4965156959031758
6157,96,13,1.4731178934462508
6158,96,14,1.4543276339850704
6159,96,15,1.4404453263248298
6160,96,16,1.4317025925215554
6161,96,17,1.4282563889169217
6162,96,18,1.4301840893119309
6163,96,19,1.4374797022227366
6164,96,20,1.450051381636691
6165,96,21,1.4677203720597596
6166,96,22,1.4902215040702809
6167,96,23,1.5172053264512653
6168,96,24,1.5482419258737967
6169,96,25,1.5828264458723504
6170,96,26,1.6203862745082651
6171,96,27,1.6602898258453846
6172,96,28,1.7018567954773516
6173,96,29,2.074134044318303
6174,96,30,2.0310394133304763
6175,96,31,1.9882869340759308
6176,96,32,1.9464855825516847
6177,96,33,1.9062189641276825
6178,96,34,1.8680318605752086
6179,96,35,1.8324180677542163
6180,96,36,1.7998099172207684
6181,96,37,1.7705698102398997
6182,96,38,1.7449840150432772
6183,96,39,1.7232588910108046
6184,96,40,1.7055196105446566
6185,96,41,1.6918113547413658
6186,96,42,1.6821028666014062
6187,96,43,1.6762921593599767
6188,96,44,1.6742141011784977
6189,96,45,1.6756495340289548
6190,96,46,1.6803355366437074
6191,96,47,1.6879764106786674
6192,96,48,1.6982549567363976
6193,96,49,1.7108436127712299
6194,96,50,1.7254150509729298
6195,96,51,1.741651869030822
6196,96,52,1.759255065538717
6197,96,53,1.7779510544354569
6198,96,54,1.7974970465502633
6199,96,55,1.6638769984306767
6200,96,56,1.624312331218688
6201,96,57,1.586801358509243
6202,96,58,1.551859210341892
6203,96,59,1.5199277411098615
6204,96,60,1.491368144015654
6205,96,61,1.4664557735712678
6206,96,62,1.4453772710537254
6207,96,64,1.4150239061570744
6208,97,0,2.909627365340315
6209,97,1,2.86734059243791
6210,97,2,2.8282877981879406
6211,97,3,2.793125166768298
6212,97,4,2.7624206766209625
6213,97,5,2.7366404616997584
6214,97,6,1.7121123310037853
6215,97,7,1.669732561799977
6216,97,8,1.6290353523092762
6217,97,9,1.5905861867502296
6218,97,10,1.5549299429987165
6219,97,11,1.5225826338933028
6220,97,12,1.4940230498446716
6221,97,13,1.4696844477937812
6222,97,14,1.4499464497663175
6223,97,15,1.4351273291050592
6224,97,16,1.4254768730054086
6225,97,17,1.4211700154194864
6226,97,18,1.4223014340643392
6227,97,19,1.428881298683391
6228,97,20,1.4408323445886895
6229,97,21,1.457988425804669
6230,97,22,1.4800946760333613
6231,97,23,1.5068093736028616
6232,97,24,1.5377075692220752
6233,97,25,1.5722864936479373
6234,97,26,1.6099727173813085
6235,97,27,1.6501309875205268
6236,97,28,1.6920746193250316
6237,97,29,2.076816860828147
6238,97,30,2.0336397590839748
6239,97,31,1.9907131863261085
6240,97,32,1.9486374076930921
6241,97,33,1.907990172274873
6242,97,34,1.869313477951311
6243,97,35,1.8331015271904336
6244,97,36,1.7997902654611422
6245,97,37,1.7697488325717534
6246,97,38,1.7432731828524117
6247,97,39,1.7205820458984518
6248,97,40,1.7018153092494628
6249,97,41,1.6870348118147318
6250,97,42,1.6762274460619104
6251,97,43,1.6693103818419608
6252,97,44,1.6661381488203184
6253,97,45,1.6665112509596187
6254,97,46,1.6701859378978874
6255,97,47,1.6768847262274234
6256,97,48,1.686307249660415
6257,97,49,1.6981410211014967
6258,97,50,1.712071711144781
6259,97,51,1.7277925850974256
6260,97,52,1.7450127922163952
6261,97,53,1.7634642637398443
6262,97,54,1.7829070473413946
6263,97,55,1.8031329813656438
6264,97,56,1.6281194314787326
6265,97,57,1.590515851440951
6266,97,58,1.5554670676698716
6267,97,59,1.5234165336465249
6268,97,60,1.494725885920372
6269,97,61,1.469669817794814
6270,97,62,1.448433309489046
6271,97,64,1.417710325807776
6272,98,0,2.896851461923301
6273,98,1,2.8556788330880987
6274,98,2,2.817717749417454
6275,98,3,2.783616801322944
6276,98,4,2.7539373328227934
6277,98,5,2.729140044459214
6278,98,6,1.7137833326671474
6279,98,7,1.6708365511225003
6280,98,8,1.629490304397072
6281,98,9,1.5903167961383045
6282,98,10,1.5538700749440435
6283,98,11,1.5206775806480812
6284,98,12,1.491231518458325
6285,98,13,1.4659802142615879
6286,98,14,1.4453196247575149
6287,98,15,1.429585192709761
6288,98,16,1.4190442495240965
6289,98,17,1.4138891737224137
6290,98,18,1.4142315139829595
6291,98,19,1.4200972787617245
6292,98,20,1.4314235808240947
6293,98,21,1.44805680427151
6294,98,22,1.4697524340743215
6295,98,23,1.496176654208624
6296,98,24,1.5269097809838994
6297,98,25,1.5614515540183302
6298,98,26,1.5992282597583147
6299,98,27,1.6396016128125632
6300,98,28,2.1224830236110823
6301,98,29,2.0797171795199
6302,98,30,2.0365115829257174
6303,98,31,1.9934630441191614
6304,98,32,1.951162408567113
6305,98,33,1.910180894968575
6306,98,34,1.871057091692298
6307,98,35,1.834285043416903
6308,98,36,1.8003038176895385
6309,98,37,1.7694888832521967
6310,98,38,1.742145560896962
6311,98,39,1.7185047264298121
6312,98,40,1.6987208576132549
6313,98,41,1.682872426559746
6314,98,42,1.6709645498928618
6315,98,43,1.6629337249250735
6316,98,44,1.658654404697546
6317,98,45,1.6579471011369513
6318,98,46,1.660587656383492
6319,98,47,1.6663172894241323
6320,98,48,1.674853009649688
6321,98,49,1.685897991157513
6322,98,50,1.6991515210413337
6323,98,51,1.7143181702624954
6324,98,52,1.7311158849878083
6325,98,53,1.7492827569062472
6326,98,54,1.7685822999225502
6327,98,55,1.7888071343707568
6328,98,56,1.6314698790377613
6329,98,57,1.5938093014867716
6330,98,58,1.5586868819435593
6331,98,59,1.526547261058893
6332,98,60,1.4977522041779177
6333,98,61,1.4725755298905023
6334,98,62,1.4512004456256502
6335,98,64,1.4201357639516248
6336,99,0,2.885208568525273
6337,99,1,2.845156582703672
6338,99,2,2.8082828537107902
6339,99,3,2.7752283267817934
6340,99,4,2.746547863256403
6341,99,5,2.722697083316662
6342,99,6,1.7149575521473976
6343,99,7,1.6714732494227547
6344,99,8,1.6295094860517485
6345,99,9,1.589644379247525
6346,99,10,1.552440318430143
6347,99,11,1.5184353314428298
6348,99,12,1.4881342059517968
6349,99,13,1.4619995272936082
6350,99,14,1.4404428164967173
6351,99,15,1.4238159705977238
6352,99,16,1.4124032206587045
6353,99,17,1.406413830167248
6354,99,18,1.4059757570414115
6355,99,19,1.4111304957569673
6356,99,20,1.4218293018952612
6357,99,21,1.4379309796701498
6358,99,22,1.4592013839984486
6359,99,23,1.485314752970948
6360,99,24,1.5158569449667822
6361,99,25,1.5503306081853052
6362,99,26,1.5881622603171572
6363,99,27,1.628711203890406
6364,99,28,2.1254688755490547
6365,99,29,2.08281212869566
6366,99,30,2.0396332580073064
6367,99,31,1.996516373355101
6368,99,32,1.954042198433577
6369,99,33,1.9127747497427399
6370,99,34,1.873248578081897
6371,99,35,1.8359569985613289
6372,99,36,1.801341696582725
6373,99,37,1.7697840428883735
6374,99,38,1.7415983830455664
6375,99,39,1.717027488626289
6376,99,40,1.6962402723269614
6377,99,41,1.6793317811039685
6378,99,42,1.6663253939483391
6379,99,43,1.6571770679919469
6380,99,44,1.6517814017908343
6381,99,45,1.6499792210253426
6382,99,46,1.6515663420989115
6383,99,47,1.6563031351484236
6384,99,48,1.663924490989955
6385,99,49,1.6741497969077956
6386,99,50,1.6866925435382494
6387,99,51,1.701269218212349
6388,99,52,1.7176071871014305
6389,99,53,1.7354513268442633
6390,99,54,1.7545692330284162
6391,99,55,1.7747549046238527
6392,99,56,1.6343340755458617
6393,99,57,1.5966525366577595
6394,99,58,1.5614901596209227
6395,99,59,1.5292923592244554
6396,99,60,1.5004207123607343
6397,99,61,1.475147945125196
6398,99,62,1.453655374552398
6399,99,64,1.4222809180058358
6400,100,0,2.8747089940451036
6401,100,1,2.8357789342480126
6402,100,2,2.7999831099290855
6403,100,3,2.76795481148419
6404,100,4,2.7402426071002424
6405,100,5,2.7172974227175213
6406,100,6,1.7156235956084862
6407,100,7,1.6716317717936757
6408,100,8,1.6290826317252678
6409,100,9,1.5885594111739723
6410,100,10,1.5506320164079483
6411,100,11,1.515848225085658
6412,100,12,1.4847245706047145
6413,100,13,1.4577370787997992
6414,100,14,1.435312050423172
6415,100,15,1.4178171029759283
6416,100,16,1.4055527000904955
6417,100,17,1.3987444048495399
6418,100,18,1.3975360944114847
6419,100,19,1.4019843665760179
6420,100,20,1.4120543542004111
6421,100,21,1.4276171406837115
6422,100,22,1.4484489393738795
6423,100,23,1.47423216231404
6424,100,24,1.5045584600969633
6425,100,25,1.5389337658665676
6426,100,26,1.5767853240415648
6427,100,27,1.617470629673784
6428,100,28,2.1285693855369248
6429,100,29,2.086078667940541
6430,100,30,2.0429828182007608
6431,100,31,1.9998525398873463
6432,100,32,1.957257741228109
6433,100,33,1.915754568567735
6434,100,34,1.8758729060192425
6435,100,35,1.8381047611543604
6436,100,36,1.802893921598275
6437,100,37,1.770627216594564
6438,100,38,1.741627653271522
6439,100,39,1.7161496223619115
6440,100,40,1.694376285864084
6441,100,41,1.676419173252962
6442,100,42,1.6623199271603912
6443,100,43,1.6520540577096867
6444,100,44,1.6455364904542935
6445,100,45,1.642628629298517
6446,100,46,1.6431466055051513
6447,100,47,1.646870348910238
6448,100,48,1.653553099025836
6449,100,49,1.6629309722899748
6450,100,50,1.6747322169939416
6451,100,51,1.688685818283436
6452,100,52,1.7045291602844497
6453,100,53,1.7220145084252767
6454,100,54,1.7409141395007708
6455,100,55,1.7610240166991287
6456,100,56,1.6366835959327986
6457,100,57,1.5990174390763183
6458,100,58,1.563849341066463
6459,100,59,1.5316250768126254
6460,100,60,1.50270571482403
6461,100,61,1.4773626665660973
6462,100,62,1.4557752350513762
6463,100,64,1.4241266766706329
6464,101,0,2.865355460520357
6465,101,1,2.827543421978188
6466,101,2,2.792811026876711
6467,101,3,2.7617839427076625
6468,101,4,2.7350046710514846
6469,101,5,2.712919861435791
6470,101,6,1.7157704778572072
6471,101,7,1.6713016381498436
6472,101,8,1.628199872075309
6473,101,9,1.5870527520032771
6474,101,10,1.5484368851508914
6475,101,11,1.5129089636504305
6476,101,12,1.4809964274483012
6477,101,13,1.4531879162358126
6478,101,14,1.4299237131894151
6479,101,15,1.4115864051412326
6480,101,16,1.3984919997578407
6481,101,17,1.390881749389119
6482,101,18,1.388914932680835
6483,101,19,1.3926628382910828
6484,101,20,1.4021041798529317
6485,101,21,1.4171221477188762
6486,101,22,1.437503271345498
6487,101,23,1.4629382270695874
6488,101,24,1.4930246804193719
6489,101,25,1.5272722011916446
6490,101,26,1.565109234734528
6491,101,27,1.605892055822272
6492,101,28,2.1317608079155024
6493,101,29,2.0894937011824317
6494,101,30,2.0465380690920023
6495,101,31,2.0034505172787673
6496,101,32,1.9607894548738223
6497,101,33,1.9191024954880507
6498,101,34,1.8789142277442807
6499,101,35,1.8407147687104872
6500,101,36,1.80494948220008
6501,101,37,1.772010196688134
6502,101,38,1.7422281966969566
6503,101,39,1.7158691897002516
6504,101,40,1.6931303711357266
6505,101,41,1.6741396265827508
6506,101,42,1.6589568262940724
6507,101,43,1.6475770867889195
6508,101,44,1.639935800645227
6509,101,45,1.6359151721389802
6510,101,46,1.6353519456316976
6511,101,47,1.6380459776400167
6512,101,48,1.6437692836560065
6513,101,49,1.6522751875741795
6514,101,50,1.6633072147848376
6515,101,51,1.6766073986099417
6516,101,52,1.6919237120746833
6517,101,53,1.7090163906954994
6518,101,54,1.7276629741964369
6519,101,55,1.7476619626604066
6520,101,56,1.6384913584869685
6521,101,57,1.6008771114758136
6522,101,58,1.5657379611356175
6523,101,59,1.5335196276272467
6524,101,60,1.504582348520905
6525,101,61,1.4791959941554025
6526,101,62,1.4575377238212437
6527,101,64,1.425654198664045
6528,102,0,2.8571430638689312
6529,102,1,2.820440002271579
6530,102,2,2.7867516239988968
6531,102,3,2.7566960468494495
6532,102,4,2.730809968445366
6533,102,5,2.709536209943045
6534,102,6,1.7153876700375823
6535,102,7,1.6704728151415351
6536,102,8,1.626851770515486
6537,102,9,1.58511567827135
6538,102,10,1.5458470407684162
6539,102,11,1.5096106340673152
6540,102,12,1.4769439648566938
6541,102,13,1.4483474540387173
6542,102,14,1.4242745587276306
6543,102,15,1.4051220679305245
6544,102,16,1.3912208244354203
6545,102,17,1.3828271354010557
6546,102,18,1.3801151360206787
6547,102,19,1.383170363874882
6548,102,20,1.3919847859422785
6549,102,21,1.4064534957571881
6550,102,22,1.4263732652639065
6551,102,23,1.45144309520577
6552,102,24,1.481266860392808
6553,102,25,1.5153580931776864
6554,102,26,1.5531468914377435
6555,102,27,1.593988878005936
6556,102,28,2.1350196335764053
6557,102,29,2.0930341891807425
6558,102,30,2.0502766990485166
6559,102,31,2.0072889952057147
6560,102,32,1.9646173157387885
6561,102,33,1.9228000858238739
6562,102,34,1.8823559714627347
6563,102,35,1.843772612460078
6564,102,36,1.807496413401836
6565,102,37,1.7739237277859836
6566,102,38,1.7433937130371404
6567,102,39,1.7161830655507728
6568,102,40,1.6925027683074874
6569,102,41,1.672496902464179
6570,102,42,1.6562434923374358
6571,102,43,1.643757274020159
6572,102,44,1.634994205019763
6573,102,45,1.6298574689458967
6574,102,46,1.6282046780955954
6575,102,47,1.6298559398678618
6576,102,48,1.634602431673234
6577,102,49,1.642215124016604
6578,102,50,1.6524533025751658
6579,102,51,1.6650725664587587
6580,102,52,1.6798320198105783
6581,102,53,1.6965004252448723
6582,102,54,1.7148611475847373
6583,102,55,1.7347157818532177
6584,102,56,1.6397318048333267
6585,102,57,1.60220605441439
6586,102,58,1.5671308213420454
6587,102,59,1.5349513554589063
6588,102,60,1.5060267383167716
6589,102,61,1.4806250683399445
6590,102,62,1.458921225380117
6591,102,64,1.4268450095966418
6592,103,0,2.8500592768386825
6593,103,1,2.8144510762632717
6594,103,2,2.78178247331972
6595,103,3,2.752664150104795
6596,103,4,2.727627297956641
6597,103,5,2.707111386278107
6598,103,6,1.7144651636683714
6599,103,7,1.6691357741821096
6600,103,8,1.625029375614916
6601,103,9,1.5827399299702332
6602,103,10,1.5428550409154211
6603,103,11,1.5059467445117893
6604,103,12,1.4725617754891631
6605,103,13,1.4432114989157063
6606,103,14,1.418361727621946
6607,103,15,1.3984226708832745
6608,103,16,1.383739278389838
6609,103,17,1.3745822543698638
6610,103,18,1.371140019052708
6611,103,19,1.3735118879074464
6612,103,20,1.3817027230232033
6613,103,21,1.3956192856842369
6614,103,22,1.4150684850433903
6615,103,23,1.4397576755467287
6616,103,24,1.4692971064560583
6617,103,25,1.5032045717839948
6618,103,26,1.5409122497726566
6619,103,27,1.5817756594825592
6620,103,28,2.1383227008667296
6621,103,29,2.096677260877942
6622,103,30,2.054176389769494
6623,103,31,2.0113464879004717
6624,103,32,1.9687209636199385
6625,103,33,1.9268284063158354
6626,103,34,1.8861809352572947
6627,103,35,1.8472631236355719
6628,103,36,1.810521873056946
6629,103,37,1.7763575737644142
6630,103,38,1.745116831951413
6631,103,39,1.7170869802034936
6632,103,40,1.6924925133981443
6633,103,41,1.6714935137084745
6634,103,42,1.654186048293001
6635,103,43,1.64060444543846
6636,103,44,1.6307252828366443
6637,103,45,1.6244728584909764
6638,103,46,1.6217258631759268
6639,103,47,1.6223249355409828
6640,103,48,1.6260807583093233
6641,103,49,1.6327823472768772
6642,103,50,1.642205193910183
6643,103,51,1.654118946456854
6644,103,52,1.6682943521003173
6645,103,53,1.6845092316676569
6646,103,54,1.7025533160829225
6647,103,55,1.722231837122175
6648,103,56,1.6403810885425576
6649,103,57,1.6029803529573168
6650,103,58,1.568004172404021
6651,103,59,1.5358969103049955
6652,103,60,1.5070161647421798
6653,103,61,1.4816280272948448
6654,103,62,1.4599049568047806
6655,103,64,1.4276811164271175
6656,104,0,2.8440839943915606
6657,104,1,2.8095515544438543
6658,104,2,2.7778737826926223
6659,104,3,2.749654079636811
6660,104,4,2.7254184618014383
6661,104,5,2.7056035502607334
6662,104,6,1.7129935507337812
6663,104,7,1.6672815653953603
6664,104,8,1.622724289242582
6665,104,9,1.5799177730765683
6666,104,10,1.539453941751391
6667,104,11,1.5019112757173194
6668,104,12,1.4678449017759725
6669,104,13,1.4377762892428596
6670,104,14,1.4121827801054982
6671,104,15,1.3914872084950378
6672,104,16,1.3760478845481623
6673,104,17,1.3661492294198152
6674,104,18,1.3619933509628304
6675,104,19,1.3636928428550066
6676,104,20,1.3712650734844818
6677,104,21,1.384628204795813
6678,104,22,1.403599145992448
6679,104,23,1.4278936032663387
6680,104,24,1.457128335683972
6681,104,25,1.4908256703934244
6682,104,26,1.5284202690733182
6683,104,27,1.5692680738657347
6684,104,28,2.141647304140362
6685,104,29,2.1004003230413626
6686,104,30,2.0582149257188114
6687,104,31,2.015601442013568
6688,104,32,1.9730798066245427
6689,104,33,1.9311681355828323
6690,104,34,1.890371381663026
6691,104,35,1.8511704607073445
6692,104,36,1.8140122203174645
6693,104,37,1.7793005860417914
6694,104,38,1.747389169806301
6695,104,39,1.718575563303029
6696,104,40,1.6930974682856763
6697,104,41,1.671130739532573
6698,104,42,1.6527893381503729
6699,104,43,1.6381271164847544
6700,104,44,1.6271412846330138
6701,104,45,1.6197773455878337
6702,104,46,1.6159352341160627
6703,104,47,1.6154763557631204
6704,104,48,1.6182311983835014
6705,104,49,1.6240071801150409
6706,104,50,1.632596404767538
6707,104,51,1.6437830174650976
6708,104,52,1.6573498886428981
6709,104,53,1.673084401104826
6710,104,54,1.6907831702342748
6711,104,55,1.7102555886692696
6712,104,56,1.6404172708427054
6713,104,57,1.6031778713109963
6714,104,58,1.5683359056843873
6715,104,59,1.5363344345224668
6716,104,60,1.5075292428182616
6717,104,61,1.4821841764627524
6718,104,62,1.4604691261322982
6719,104,64,1.4281451385804347
6720,105,0,2.839189621520713
6721,105,1,2.805708963142865
6722,105,2,2.77498852021576
6723,105,3,2.747624605018274
6724,105,4,2.7241384231495758
6725,105,5,2.7049642756913332
6726,105,6,1.710964119263246
6727,105,7,1.6649019070168527
6728,105,8,1.6199287500816046
6729,105,9,1.576642077312872
6730,105,10,1.5356373699394594
6731,105,11,1.4974987470778829
6732,105,12,1.4627888958866624
6733,105,13,1.4320385485827793
6734,105,14,1.4057357427591093
6735,105,15,1.3843151297051386
6736,105,16,1.368147616387644
6737,105,17,1.357530639253294
6738,105,18,1.3526793711958505
6739,105,19,1.3537191563155264
6740,105,20,1.3606794502498643
6741,105,21,1.3734895169890224
6742,105,22,1.391976096676491
6743,105,23,1.4158632137629426
6744,105,24,1.4447742421816698
6745,105,25,1.4782362854037951
6746,105,26,1.5156868660215885
6747,105,27,1.5564828538130988
6748,105,28,2.1449712994173527
6749,105,29,2.1041811676200957
6750,105,30,2.0623703018372788
6751,105,31,2.0200323432727103
6752,105,32,1.9776731253155737
6753,105,33,1.9357996642582789
6754,105,34,1.894909132281164
6755,105,35,1.8554781969622502
6756,105,36,1.817953094683959
6757,105,37,1.7827407726446918
6758,105,38,1.7502013873601907
6759,105,39,1.7206423888296831
6760,105,40,1.6943143517558117
6761,105,41,1.6714086415557672
6762,105,42,1.6520569268362002
6763,105,43,1.636332475052228
6764,105,44,1.624253097659728
6765,105,45,1.6157855483675276
6766,105,46,1.6108511258568172
6767,105,47,1.6093321927738162
6768,105,48,1.6110792974901442
6769,105,49,1.6159185749244147
6770,105,50,1.6236591077445495
6771,105,51,1.6340999488980523
6772,105,52,1.647036539321428
6773,105,53,1.6622662989072072
6774,105,54,1.6795932218834368
6775,105,55,1.6988313668190669
6776,105,56,1.6398205216557251
6777,105,57,1.6027784536331322
6778,105,58,1.5681057517691235
6779,105,59,1.5362437571973033
6780,105,60,1.5075461102956977
6781,105,61,1.4822741688237038
6782,105,62,1.4605951029295001
6783,105,64,1.4282204544590054
6784,106,0,2.835341203269426
6785,106,1,2.8028835925976052
6786,106,2,2.773082579443768
6787,106,3,2.746527619510638
6788,106,4,2.7237355022488603
6789,106,5,2.7051387599774994
6790,106,6,1.7083689635649286
6791,106,7,1.6619892895121966
6792,106,8,1.6166357318684776
6793,106,9,1.5729064085835798
6794,106,10,1.531399609210021
6795,106,11,1.4927042971442468
6796,106,12,1.4573898938614072
6797,106,13,1.425995553076557
6798,106,14,1.3990191687403866
6799,106,15,1.3769063905196004
6800,106,16,1.3600399425189382
6801,106,17,1.3487295542997761
6802,106,18,1.3432028168427101
6803,106,19,1.3435972694098268
6804,106,20,1.3499540060552913
6805,106,21,1.362213062944543
6806,106,22,1.3802108101771642
6807,106,23,1.4036795253329692
6808,106,24,1.432249271682429
6809,106,25,1.4654521434355317
6810,106,26,1.5027288753234744
6811,106,27,1.5434377461969397
6812,106,28,2.1482732066151438
6813,106,29,2.107998076242847
6814,106,30,2.066620828930762
6815,106,31,2.024617821314895
6816,106,32,1.982480175487068
6817,106,33,1.9407031941704402
6818,106,34,1.899775661806738
6819,106,35,1.8601694078203819
6820,106,36,1.8223294950723083
6821,106,37,1.786665367524383
6822,106,38,1.7535432478873743
6823,106,39,1.7232800206661716
6824,106,40,1.696138771241945
6825,106,41,1.6723260805556848
6826,106,42,1.651991100957002
6827,106,43,1.6352263653284873
6828,106,44,1.6220702120889854
6829,106,45,1.612510646281204
6830,106,46,1.6064904044346584
6831,106,47,1.603912950518993
6832,106,48,1.6046491036977004
6833,106,49,1.6085439866946016
6834,106,50,1.615423986599016
6835,106,51,1.6251034373303876
6836,106,52,1.637390763531081
6837,106,53,1.6520938675010761
6838,106,54,1.6690245915463946
6839,106,55,1.688002144999305
6840,106,56,1.6385733239493026
6841,106,57,1.6017641290015483
6842,106,58,1.5672954841768385
6843,106,59,1.5356065947502493
6844,106,60,1.5070486233709506
6845,106,61,1.4818801940197819
6846,106,62,1.4602655992302744
6847,106,64,1.4278913617395805
6848,107,0,2.8324965964909707
6849,107,1,2.8010286860813887
6850,107,2,2.772104984807023
6851,107,3,2.7463083605309797
6852,107,4,2.724151610555004
6853,107,5,2.7060660704279
6854,107,6,1.705201108012748
6855,107,7,1.658537093409162
6856,107,8,1.6128390554459655
6857,107,9,1.5687051352620314
6858,107,10,1.526735700749173
6859,107,11,1.4875237778558743
6860,107,12,1.4516447033270983
6861,107,13,1.4196452122102703
6862,107,14,1.392032211121217
6863,107,15,1.3692615194244937
6864,107,16,1.351726883694708
6865,107,17,1.3397495848833536
6866,107,18,1.333568961603259
6867,107,19,1.3333341662748717
6868,107,20,1.3390974533303734
6869,107,21,1.3508092703964374
6870,107,22,1.3683153849092031
6871,107,23,1.391356230863831
6872,107,24,1.4195686046229914
6873,107,25,1.452489776475354
6874,107,26,1.4895640177841063
6875,107,27,1.5301514741427915
6876,107,28,2.1515323078212925
6877,107,29,2.111829921287559
6878,107,30,2.0709452361352576
6879,107,31,2.029336752072631
6880,107,32,1.9874802889402807
6881,107,33,1.9458588359378513
6882,107,34,1.9049521908517308
6883,107,35,1.8652267572931565
6884,107,36,1.8271258583326198
6885,107,37,1.7910608996014235
6886,107,38,1.757403675272184
6887,107,39,1.7264800583436684
6888,107,40,1.6985652549226211
6889,107,41,1.673880733731355
6890,107,42,1.652592870172499
6891,107,43,1.6348132723686868
6892,107,44,1.6206006880337793
6893,107,45,1.6099643289795738
6894,107,46,1.6028683973098512
6895,107,47,1.5992375561967882
6896,107,48,1.598963060264675
6897,107,49,1.6019092470340488
6898,107,50,1.6079200918971037
6899,107,51,1.6168255442670678
6900,107,52,1.6284473907406543
6901,107,53,1.6426044305741128
6902,107,54,1.6591167972078946
6903,107,55,1.677809314279434
6904,107,56,1.6366606791824385
6905,107,57,1.6001193183028362
6906,107,58,1.5658891259595928
6907,107,59,1.5344067555547232
6908,107,60,1.5060205576870176
6909,107,61,1.4809861741882449
6910,107,62,1.4594648587548944
6911,107,64,1.427143249529178
6912,108,0,2.8306066826596137
6913,108,1,2.800090669341013
6914,108,2,2.7719981364304123
6915,108,3,2.746905668444679
6916,108,4,2.7253225219549253
6917,108,5,2.707679426255886
6918,108,6,1.7014546430317843
6919,108,7,1.654539719582979
6920,108,8,1.6085335134591698
6921,108,9,1.5640335472447278
6922,108,10,1.5216415564126902
6923,108,11,1.4819538615918846
6924,108,12,1.4455509039633307
6925,108,13,1.4129861622025057
6926,108,14,1.3847747086613256
6927,108,15,1.361381694998594
6928,108,16,1.3432110817337175
6929,108,17,1.330594940979906
6930,108,18,1.3237836659760043
6931,108,19,1.3229374143897272
6932,108,20,1.3281190944916836
6933,108,21,1.339289174371173
6934,108,22,1.3563025549465832
6935,108,23,1.3789076985628848
6936,108,24,1.4067481477718216
6937,108,25,1.4393665050827844
6938,108,26,1.476210875950631
6939,108,27,1.5166437061379618
6940,108,28,2.154728741086716
6941,108,29,2.115656262962591
6942,108,30,2.075322769868856
6943,108,31,2.034168357104252
6944,108,32,1.9926529716409709
6945,108,33,1.9512467043610884
6946,108,34,1.9104197769568318
6947,108,35,1.8706325829984236
6948,108,36,1.8323261366694512
6949,108,37,1.7959132610317814
6950,108,38,1.7617708116212945
6951,108,39,1.7302331825799726
6952,108,40,1.7015872838637065
6953,108,41,1.676069112243781
6954,108,42,1.6538619690615834
6955,108,43,1.6350963073609128
6956,108,44,1.6198511234463617
6957,108,45,1.6081567462479929
6958,108,46,1.599998824919587
6959,108,47,1.5953232731936469
6960,108,48,1.5940418999100776
6961,108,49,1.596038439913469
6962,108,50,1.6011746985536583
6963,108,51,1.6092965359857367
6964,108,52,1.6202394433170655
6965,108,53,1.6338334997286712
6966,108,54,1.6499075458064678
6967,108,55,1.6682924608349325
6968,108,56,1.6340703114355801
6969,108,57,1.5978310406051874
6970,108,58,1.5638731567483042
6971,108,59,1.532630346124116
6972,108,60,1.5044478121943428
6973,108,61,1.4795779641109712
6974,108,62,1.4581788520643508
6975,108,64,1.4259627801575674
6976,109,0,2.8296156208165253
6977,109,1,2.800009419371268
6978,109,2,2.772698093327205
6979,109,3,2.7482522826115154
6980,109,4,2.7271781799681887
6981,109,5,2.709906515140142
6982,109,6,1.697124871685077
6983,109,7,1.6499927304884452
6984,109,8,1.6037150062756738
6985,109,9,1.558887986438696
6986,109,10,1.5161140835148283
6987,109,11,1.47599215987311
6988,109,12,1.43910695963298
6989,109,13,1.4060178710105549
6990,109,14,1.377247283099134
6991,109,15,1.3532688348908477
6992,109,16,1.3344958796107191
6993,109,17,1.3212705028992604
6994,109,18,1.3138534380949052
6995,109,19,1.3124152152380328
6996,109,20,1.317028862233625
6997,109,21,1.3276644470607148
6998,109,22,1.3441857095979894
6999,109,23,1.3663489815325003
7000,109,24,1.393804534284021
7001,109,25,1.4261004295892117
7002,109,26,1.4626888772999542
7003,109,27,1.5029350322240589
7004,109,28,2.1578435892315575
7005,109,29,2.119457441852253
7006,109,30,2.079733288693769
7007,109,31,2.0390922992720117
7008,109,32,1.997977998652536
7009,109,33,1.9568470110074696
7010,109,34,1.9161594032011335
7011,109,35,1.87636897916577
7012,109,36,1.8379138734312908
7013,109,37,1.8012077742079868
7014,109,38,1.7666320739637147
7015,109,39,1.7345292002454444
7016,109,40,1.705197323916574
7017,109,41,1.6788865788299654
7018,109,42,1.6557968593695938
7019,109,43,1.6360771935726857
7020,109,44,1.619826622991166
7021,109,45,1.607096459204708
7022,109,46,1.5978937337802588
7023,109,47,1.5921856158546897
7024,109,48,1.5899045412045503
7025,109,49,1.5909537798194318
7026,109,50,1.5952131660772726
7027,109,51,1.602544726385255
7028,109,52,1.6127979626659545
7029,109,53,1.6258145847709184
7030,109,54,1.6414325286861775
7031,109,55,1.6594891477211662
7032,109,56,1.6307928676558507
7033,109,57,1.5948891164110455
7034,109,58,1.5612367176173823
7035,109,59,1.5302659762357032
7036,109,60,1.502318613244796
7037,109,61,1.4776435530711978
7038,109,62,1.4563954750701975
7039,109,64,1.4243380781161494
7040,110,0,2.829461139511345
7041,110,1,2.8007185713361418
7042,110,2,2.774134893731036
7043,110,3,2.750275173406742
7044,110,4,2.729643039612437
7045,110,5,2.712669842998836
7046,110,6,1.6922084650394447
7047,110,7,1.644893000601852
7048,110,8,1.598380687475941
7049,110,9,1.5532659871100096
7050,110,10,1.510151319701407
7051,110,11,1.4696373523063397
7052,110,12,1.4323123408508833
7053,110,13,1.3987407537124068
7054,110,14,1.3694514468019954
7055,110,15,1.344925695091007
7056,110,16,1.3255854117279326
7057,110,17,1.3117819019962655
7058,110,18,1.3037855044054387
7059,110,19,1.3017764645867937
7060,110,20,1.3058373691827068
7061,110,21,1.3159474367788648
7062,110,22,1.3319789217603186
7063,110,23,1.3536958357944233
7064,110,24,1.3807551318541824
7065,110,25,1.41271042902125
7066,110,26,1.4490182847545952
7067,110,27,2.1967213002727375
7068,110,28,2.1608589631726125
7069,110,29,2.123214666396705
7070,110,30,2.0841573535293274
7071,110,31,2.0440887741900813
7072,110,32,2.0034355052589907
7073,110,33,1.9626401534054385
7074,110,34,1.9221520638403629
7075,110,35,1.8824178770874977
7076,110,36,1.8438722767606253
7077,110,37,1.806929257033247
7078,110,38,1.7719742096334832
7079,110,39,1.739357088418742
7080,110,40,1.7093868571107815
7081,110,41,1.6823273653140898
7082,110,42,1.658394732553854
7083,110,43,1.637756252995917
7084,110,44,1.6205307680161594
7085,110,45,1.606790392998084
7086,110,46,1.5965634314906227
7087,110,47,1.5898382665591806
7088,110,48,1.5865679876737722
7089,110,49,1.5866754930313212
7090,110,50,1.5900588023543087
7091,110,51,1.5965963237939422
7092,110,52,1.6061518397582235
7093,110,53,1.6185790088180512
7094,110,54,1.6337252223044367
7095,110,55,1.651434702346965
7096,110,56,1.6268221113183539
7097,110,57,1.5912863650477262
7098,110,58,1.5579718109963607
7099,110,59,1.527304960200652
7100,110,60,1.499623716121424
7101,110,61,1.4751732656242722
7102,110,62,1.4541047481206195
7103,110,64,1.4222589234179388
7104,111,0,2.830074866381913
7105,111,1,2.8021458622330027
7106,111,2,2.776232911121383
7107,111,3,2.752895908737612
7108,111,4,2.7326364424250045
7109,111,5,2.715887115448127
7110,111,6,1.6867036242820024
7111,111,7,1.6392388741234336
7112,111,8,1.5925291170425468
7113,111,9,1.547166424299688
7114,111,10,1.5037525761916095
7115,111,11,1.462889324134622
7116,111,12,1.4251676560356554
7117,111,13,1.3911562967927258
7118,111,14,1.3613897193892701
7119,111,15,1.3363559781942267
7120,111,16,1.3164847031579412
7121,111,17,1.3021356102909287
7122,111,18,1.2935878891508932
7123,111,19,1.2910308214430586
7124,111,20,1.2945559660660608
7125,111,21,1.3041512152385635
7126,111,22,1.319696984371138
7127,111,23,1.3409647461626248
7128,111,24,1.3676180584383901
7129,111,25,1.3992161672840324
7130,111,26,1.4352201941178606
7131,111,27,2.198773097093425
7132,111,28,2.1637580793017657
7133,111,29,2.126910094797494
7134,111,30,2.088576312678997
7135,111,31,2.0491385968876124
7136,111,32,2.0090060737157764
7137,111,33,1.968606800290381
7138,111,34,1.9283788464301694
7139,111,35,1.8887611224976055
7140,111,36,1.8501842906236643
7141,111,37,1.8130620860349822
7142,111,38,1.7777833499591627
7143,111,39,1.7447050372239514
7144,111,40,1.7141464123095629
7145,111,41,1.6863845898694176
7146,111,42,1.6616515125740983
7147,111,43,1.640132393736818
7148,111,44,1.621965587774948
7149,111,45,1.6072437912658197
7150,111,46,1.5960164240134174
7151,111,47,1.588292995595746
7152,111,48,1.584047230227557
7153,111,49,1.5832217027540083
7154,111,50,1.5857327318223642
7155,111,51,1.5914752827040037
7156,111,52,1.6003276511218518
7157,111,53,1.6121557294112523
7158,111,54,1.626816695486379
7159,111,55,1.6441620110346622
7160,111,56,1.6221551067083342
7161,111,57,1.5870187933509148
7162,111,58,1.554073492744342
7163,111,59,1.523741511367248
7164,111,60,1.4963566010722493
7165,111,61,1.4721599583410203
7166,111,62,1.4512990127199936
7167,111,64,1.4197169464546424
7168,112,0,2.83138269380255
7169,112,1,2.804213509688889
7170,112,2,2.7789112442965367
7171,112,3,2.7560310533810344
7172,112,4,2.736073022945356
7173,112,5,2.7194716492364672
7174,112,6,1.6806102473754245
7175,112,7,1.633030327799903
7176,112,8,1.586160420179305
7177,112,9,1.5405896683104057
7178,112,10,1.4969185874659097
7179,112,11,1.4557493105472288
7180,112,12,1.4176747897770463
7181,112,13,1.383267189646905
7182,112,14,1.3530657517269318
7183,112,15,1.327564449145626
7184,112,16,1.3071997764337144
7185,112,17,1.2923390376647668
7186,112,18,1.283269501428603
7187,112,19,1.2801887845407887
7188,112,20,1.2831968073382036
7189,112,21,1.2922896321836936
7190,112,22,1.3073554540797956
7191,112,23,1.3281729591657654
7192,112,24,1.3544122048218548
7193,112,25,1.3856381059488643
7194,112,26,1.4213165378320083
7195,112,27,2.200642635745727
7196,112,28,2.166525330469284
7197,112,29,2.130526910865449
7198,112,30,2.0929723811609526
7199,112,31,2.0542232831596134
7200,112,32,2.0146708150950294
7201,112,33,1.9747279723732334
7202,112,34,1.9348210099215248
7203,112,35,1.8953805493924196
7204,112,36,1.8568326627706568
7205,112,37,1.8195902569165134
7206,112,38,1.784045061916753
7207,112,39,1.7505604911731762
7208,112,40,1.7194655949286122
7209,112,41,1.6910502739160753
7210,112,42,1.6655618589049712
7211,112,43,1.643203098226628
7212,112,44,1.6241315320796845
7213,112,45,1.6084601726449534
7214,112,46,1.5962593556363665
7215,112,47,1.5875595843528316
7216,112,48,1.5823551535456746
7217,112,49,1.5806083188528965
7218,112,50,1.582253768894101
7219,112,51,1.5872031614049549
7220,112,52,1.5953495013800396
7221,112,53,1.6065711668189904
7222,112,54,1.6207354245081111
7223,112,55,1.6377013220397805
7224,112,56,1.6167923909686308
7225,112,57,1.582085772729294
7226,112,58,1.5495400534284312
7227,112,59,1.5195729268600886
7228,112,60,1.4925136608205605
7229,112,61,1.4685992094732472
7230,112,62,1.4479731228151995
7231,112,64,1.4167058212680923
7232,113,0,2.833305178826255
7233,113,1,2.806838624078061
7234,113,2,2.782084139653948
7235,113,3,2.7595925992805213
7236,113,4,2.73986314478292
7237,113,5,2.7233328117741125
7238,113,6,1.673930097881344
7239,113,7,1.6262691365594735
7240,113,8,1.5792764495168257
7241,113,9,1.533537743086618
7242,113,10,1.4896516652914573
7243,113,11,1.4482200457125305
7244,113,12,1.4098370461575818
7245,113,13,1.3750774614211425
7246,113,14,1.3444844554945303
7247,113,15,1.3185570567519709
7248,113,16,1.297737764262213
7249,113,17,1.2824006351015331
7250,113,18,1.2728402283774665
7251,113,19,1.2692617750130526
7252,113,20,1.2717729230143713
7253,113,21,1.2803773762151525
7254,113,22,1.2949707010652884
7255,113,23,1.3153385220312732
7256,113,24,1.3411572631222695
7257,113,25,1.3719975228062609
7258,113,26,1.407330094282913
7259,113,27,2.202317101528056
7260,113,28,2.169146350153815
7261,113,29,2.1340493933570546
7262,113,30,2.097328713862498
7263,113,31,2.0593251251103917
7264,113,32,2.0204114457250384
7265,113,33,1.9809851181373141
7266,113,34,1.9414600582501051
7267,113,35,1.9022580498418793
7268,113,36,1.8638000092134757
7269,113,37,1.8264974421814066
7270,113,38,1.7907443974381523
7271,113,39,1.756910188773594
7272,113,40,1.7253331155526745
7273,113,41,1.6963153585726098
7274,113,42,1.670119169779022
7275,113,43,1.6469644123581717
7276,113,44,1.6270274455916163
7277,113,45,1.6104412896454274
7278,113,46,1.5972969520343367
7279,113,47,1.587645752357016
7280,113,48,1.5815024470647012
7281,113,49,1.578848932946776
7282,113,50,1.5796382974965344
7283,113,51,1.5837989864879702
7284,113,52,1.5912388734105518
7285,113,53,1.6018490407034875
7286,113,54,1.6155071172735893
7287,113,55,1.6320800583800046
7288,113,56,1.6107381310341968
7289,113,57,1.5764902016706392
7290,113,58,1.544373185812284
7291,113,59,1.5147997595139782
7292,113,60,1.4880943764692347
7293,113,61,1.4644894984233556
7294,113,62,1.4441246274999275
7295,113,64,1.4132214540374057
7296,114,0,2.8357579754496944
7297,114,1,2.809933651958501
7298,114,2,2.785661443652163
7299,114,3,2.7634884247614973
7300,114,4,2.7439133642230327
7301,114,5,2.7273764867133115
7302,114,6,1.6666669734499204
7303,114,7,1.6189590395110396
7304,114,8,1.571880948312021
7305,114,9,1.5260144861545033
7306,114,10,1.4819558548138891
7307,114,11,1.440305914329485
7308,114,12,1.4016592949953808
7309,114,13,1.3665926211311885
7310,114,14,1.335652136347377
7311,114,15,1.309341059067695
7312,114,16,1.2881070263567849
7313,114,17,1.2723300022584145
7314,114,18,1.2623110328758043
7315,114,19,1.2582622237225798
7316,114,20,1.2602982952773147
7317,114,21,1.2684300404705184
7318,114,22,1.2825599637499363
7319,114,23,1.3024803265657199
7320,114,24,1.3278737601437396
7321,114,25,1.3583165351726136
7322,114,26,1.3932845017048088
7323,114,27,2.203785106156962
7324,114,28,2.1716080694326596
7325,114,29,2.1374629783787973
7326,114,30,2.101629472073537
7327,114,31,2.064427260430501
7328,114,32,2.026210357760976
7329,114,33,1.9873601842070583
7330,114,34,1.948277808980425
7331,114,35,1.909375639379721
7332,114,36,1.8710688748463609
7333,114,37,1.8337670455038861
7334,114,38,1.7978659401054962
7335,114,39,1.763740200195108
7336,114,40,1.7317368173200605
7337,114,41,1.7021697206129465
7338,114,42,1.6753155856999107
7339,114,43,1.6514109356818327
7340,114,44,1.6306505439814454
7341,114,45,1.6131870902217154
7342,114,46,1.5991319668721298
7343,114,47,1.5885570887050924
7344,114,48,1.5814975212185765
7345,114,49,1.577954719617251
7346,114,50,1.5779001575885785
7347,114,51,1.5812791251849903
7348,114,52,1.5880144871869604
7349,114,53,1.598010216302663
7350,114,54,1.6111545478227756
7351,114,55,1.6273226417892244
7352,114,56,1.6040002625921144
7353,114,57,1.5702386507619441
7354,114,58,1.5385781355669075
7355,114,59,1.5094259739591185
7356,114,60,1.4831014787045185
7357,114,61,1.4598323718759885
7358,114,62,1.4397539419504513
7359,114,64,1.4092621635127436
7360,115,0,2.838652297042852
7361,115,1,2.8134068486431096
7362,115,2,2.789549083252422
7363,115,3,2.7676227804544093
7364,115,4,2.7481269191612387
7365,115,5,2.731505563380084
7366,115,6,1.6588268713716738
7367,115,7,1.6111059037470838
7368,115,8,1.563979712127922
7369,115,9,1.5180257076589654
7370,115,10,1.4738370903083762
7371,115,11,1.4320131033512264
7372,115,12,1.3931481187276569
7373,115,13,1.3578197988506744
7374,115,14,1.3265766285414582
7375,115,15,1.2999251506041973
7376,115,16,1.2783172684229784
7377,115,17,1.2621379974915186
7378,115,18,1.2516940539651464
7379,115,19,1.2472036615595052
7380,115,20,1.2487879382599567
7381,115,21,1.2564641916523396
7382,115,22,1.2701414069942065
7383,115,23,1.2896181566034892
7384,115,24,1.3145830943349253
7385,115,25,1.3446181267793826
7386,115,26,1.379204275581648
7387,115,27,2.2050367303595553
7388,115,28,2.173898766401088
7389,115,29,2.140754314476092
7390,115,30,2.105859882993026
7391,115,31,2.069513734988394
7392,115,32,2.032050683465334
7393,115,33,1.9938356798744947
7394,115,34,1.9552564566081063
7395,115,35,1.9167155176035087
7396,115,36,1.8786217898780988
7397,115,37,1.841382252560349
7398,115,38,1.805393849002152
7399,115,39,1.7710359628335186
7400,115,40,1.7386637019819535
7401,115,41,1.7086021879144933
7402,115,42,1.681141993296662
7403,115,43,1.6565358128221375
7404,115,44,1.63499639221534
7405,115,45,1.616695682396227
7406,115,46,1.6017651324016269
7407,115,47,1.5902969884448548
7408,115,48,1.5823464295889713
7409,115,49,1.5779343444908207
7410,115,50,1.5770505395107133
7411,115,51,1.5796571664908283
7412,115,52,1.5856921683399854
7413,115,53,1.5950725612503192
7414,115,54,1.6076974023720423
7415,115,55,1.6234503290685596
7416,115,56,1.5965906082622956
7417,115,57,1.5633414873497027
7418,115,58,1.5321638322641384
7419,115,59,1.5034590838552941
7420,115,60,1.47754109123658
7421,115,61,1.4546325934704365
7422,115,62,1.4348645034141256
7423,115,64,1.4048288501031179
7424,116,0,2.841895406608891
7425,116,1,2.817162777550035
7426,116,2,2.793649571972399
7427,116,3,2.7718967995558486
7428,116,4,2.7524042410040703
7429,116,5,2.7356204477139086
7430,116,6,1.6504181485168634
7431,116,7,1.602717883308299
7432,116,8,1.5555807463888924
7433,116,9,1.5095793459349653
7434,116,10,1.4653033480750073
7435,116,11,1.4233497514197055
7436,116,12,1.3843119575339071
7437,116,13,1.348767885634223
7438,116,14,1.3172674287584176
7439,116,15,1.2903195891773733
7440,116,16,1.2683796611951994
7441,116,17,1.2518368483196074
7442,116,18,1.2410027080735246
7443,116,19,1.236100810871544
7444,116,20,1.2372579792615879
7445,116,21,1.244497440754634
7446,116,22,1.2577341822123724
7447,116,23,1.2767727375503348
7448,116,24,1.301307574960334
7449,116,25,1.3309261769303131
7450,116,26,1.365114828300091
7451,116,27,2.2060635584579185
7452,116,28,2.176008107728075
7453,116,29,2.1439113100640985
7454,116,30,2.1100062918449156
7455,116,31,2.0745695583619033
7456,116,32,2.0379163528215645
7457,116,33,2.0003947354150555
7458,116,34,1.962378630169682
7459,116,35,1.9242601236612658
7460,116,36,1.8864413217890685
7461,116,37,1.8493260780810195
7462,116,38,1.813311899533467
7463,116,39,1.7787823146442672
7464,116,40,1.7460999545807259
7465,116,41,1.715600554417315
7466,116,42,1.6875880296202306
7467,116,43,1.662330726302263
7468,116,44,1.6400588852437987
7469,116,45,1.6209633023043586
7470,116,46,1.605195114517658
7471,116,47,1.5928665944640308
7472,116,48,1.584052797619635
7473,116,49,1.5787938799409709
7474,116,50,1.5770978870047885
7475,116,51,1.5789438119933825
7476,116,52,1.58428472744653
7477,116,53,1.593050814119073
7478,116,54,1.6051521380417206
7479,116,55,1.6204810620523586
7480,116,56,1.5885249722916501
7481,116,57,1.555812977061714
7482,116,58,1.5251429978042927
7483,116,59,1.4969102673575851
7484,116,60,1.471422853490813
7485,116,61,1.4488982739590037
7486,116,62,1.4294629091263373
7487,116,64,1.399925150350691
7488,117,0,2.8453911323751764
7489,117,1,2.821102833816881
7490,117,2,2.7978625390304974
7491,117,3,2.776209029910122
7492,117,4,2.7566434870334193
7493,117,5,2.7396195922381077
7494,117,6,1.6414516729494555
7495,117,7,1.5938055706184295
7496,117,8,1.54669441714659
7497,117,9,1.5006856169814553
7498,117,10,1.4563647938862658
7499,117,11,1.4143260934654964
7500,117,12,1.3751612502062256
7501,117,13,1.3394476697430222
7502,117,14,1.307735826765109
7503,117,15,1.280536320100834
7504,117,16,1.2583069573100816
7505,117,17,1.241440260194964
7506,117,18,1.230251788993781
7507,117,19,1.2249696760711946
7508,117,20,1.2257257395325827
7509,117,21,1.2325485137130048
7510,117,22,1.2453584877234842
7511,117,23,1.2639657864226952
7512,117,24,1.2880704619681045
7513,117,25,1.3172654904872003
7514,117,26,1.351042489685435
7515,117,27,2.2068587047110113
7516,117,28,2.177927182077604
7517,117,29,2.1469231729017744
7518,117,30,2.1140562062859676
7519,117,31,2.079580751982116
7520,117,32,2.043792144152837
7521,117,33,2.007021153873285
7522,117,34,1.9696274448583384
7523,117,35,1.9319921863499947
7524,117,36,1.8945101225740562
7525,117,37,1.8575814089266403
7526,117,38,1.8216035210740629
7527,117,39,1.7869635251627844
7528,117,40,1.7540309667291938
7529,117,41,1.7231515946480918
7530,117,42,1.6946420870129806
7531,117,43,1.6687858909882265
7532,117,44,1.645830231389511
7533,117,45,1.6259842860440914
7534,117,46,1.6094184727434617
7535,117,47,1.5962647454465129
7536,117,48,1.5866177585413324
7537,117,49,1.5805367291426795
7538,117,50,1.5780478097192443
7539,117,51,1.5791467773062926
7540,117,52,1.583801851015079
7541,117,53,1.591956465723325
7542,117,54,1.6035318553702946
7543,117,55,1.6184293323435828
7544,117,56,1.579823209192584
7545,117,57,1.5476713595487737
7546,117,58,1.5175322295632896
7547,117,59,1.4897944580247924
7548,117,60,1.4647600196853297
7549,117,61,1.44264097890891
7550,117,62,1.4235590331328933
7551,117,64,1.3945575735978155
7552,118,0,2.8490404060644843
7553,118,1,2.825125789516524
7554,118,2,2.802085278917548
7555,118,3,2.780455985258193
7556,118,4,2.760741090602801
7557,118,5,2.7434000424619907
7558,118,6,1.6319409644980334
7559,118,7,1.584382137681589
7560,118,8,1.537333592365178
7561,118,9,1.4913571551696247
7562,118,10,1.447033922348934
7563,118,11,1.4049545978733855
7564,118,12,1.3657085682133816
7565,118,13,1.3298719666730725
7566,118,14,1.2979950304687626
7567,118,15,1.270589095353376
7568,118,16,1.248113603718618
7569,118,17,1.2309635213620556
7570,118,18,1.2194575644803067
7571,118,19,1.213827631369142
7572,118,20,1.2142098126643421
7573,118,21,1.220637320103083
7574,118,22,1.2330356275495944
7575,118,23,1.2512200606798842
7576,118,24,1.2748960049331708
7577,118,25,1.3036618271403446
7578,118,26,1.3370145269481746
7579,118,27,2.2074168312214497
7580,118,28,2.1796485251694535
7581,118,29,2.149780441357671
7582,118,30,2.117998332836939
7583,118,31,2.084534389612704
7584,118,32,2.0496637274692953
7585,118,33,2.013699456050827
7586,118,34,1.9769865473956103
7587,118,35,1.93989476860216
7588,118,36,1.9028109710811287
7589,118,37,1.8661310430424554
7590,118,38,1.8302518313431744
7591,118,39,1.7955633241688496
7592,118,40,1.7624413585101804
7593,118,41,1.7312410778955294
7594,118,42,1.702291318709557
7595,118,43,1.675890050386702
7596,118,44,1.6523009387464187
7597,118,45,1.6317510457223328
7598,118,46,1.6144296256188428
7599,118,47,1.6004879304497814
7600,118,48,1.5900398971409602
7601,118,49,1.5831635591903794
7602,118,50,1.5799030059852908
7603,118,51,1.5802707049600935
7604,118,52,1.5842500050890882
7605,118,53,1.5917976541638676
7606,118,54,1.6028461856502332
7607,118,55,1.617306061899812
7608,118,56,1.5705092639349219
7609,118,57,1.5389388959827213
7610,118,58,1.509352055720576
7611,118,59,1.4821304085537002
7612,118,60,1.4575695315959487
7613,118,61,1.4358758111630563
7614,118,62,1.4171661191427094
7615,118,64,1.388735617775749
7616,119,0,2.8527418210571405
7617,119,1,2.829128357678674
7618,119,2,2.8062133186045473
7619,119,3,2.7845327128785753
7620,119,4,2.764592326417768
7621,119,5,2.7468579970066145
7622,119,6,1.621902321595613
7623,119,7,1.5744634643521707
7624,119,8,1.5275137710413043
7625,119,9,1.4816091425141682
7626,119,10,1.4373256855305032
7627,119,11,1.3952500935935903
7628,119,12,1.355968740376649
7629,119,13,1.320055740450435
7630,119,14,1.2880602828862247
7631,119,15,1.2604935853005272
7632,119,16,1.2378158472847696
7633,119,17,1.22042360152519
7634,119,18,1.2086378672634575
7635,119,19,1.2026935035146336
7636,119,20,1.2027301385490379
7637,119,21,1.208785017936735
7638,119,22,1.2207880667953184
7639,119,23,1.2385594040663692
7640,119,24,1.2618094793734786
7641,119,25,1.2901419283379874
7642,119,26,1.323059162487195
7643,119,27,2.207734157259085
7644,119,28,2.181166136300808
7645,119,29,2.1524750072659047
7646,119,30,2.1218226051205136
7647,119,31,2.089418629941066
7648,119,32,2.0555177003212366
7649,119,33,2.0204149184833065
7650,119,34,1.984440154962814
7651,119,35,1.9479513061888518
7652,119,36,1.911326810307689
7653,119,37,1.8749577241900788
7654,119,38,1.8392396674546836
7655,119,39,1.8045649279937321
7656,119,40,1.7713149990526644
7657,119,41,1.739853782155663
7658,119,42,1.710521645353693
7659,119,43,1.683630475050149
7660,119,44,1.6594598049150227
7661,119,45,1.6382540500958047
7662,119,46,1.620220821961955
7663,119,47,1.605530250646987
7664,119,48,1.5943152019893907
7665,119,49,1.586672243962719
7666,119,50,1.5826631966128688
7667,119,51,1.582317089562057
7668,119,52,1.585632352335037
7669,119,53,1.5925790745314934
7670,119,54,1.6031011940472293
7671,119,55,1.6171185004690387
7672,119,56,1.5606111815174006
7673,119,57,1.5296418860653371
7674,119,58,1.5006269604462255
7675,119,59,1.4739407249363565
7676,119,60,1.449872062519056
7677,119,61,1.4286214654772158
7678,119,62,1.4103008467290692
7679,119,64,1.3824718614146243
7680,120,0,2.8563922075310524
7681,120,1,2.833005772202189
7682,120,2,2.8101409994810007
7683,120,3,2.788333374736313
7684,120,4,2.7680918880504084
7685,120,5,2.7498893786501526
7686,120,6,1.6113549317643936
7687,120,7,1.5640682510398274
7688,120,8,1.517253197515762
7689,120,9,1.4714594238674932
7690,120,10,1.427257608221905
7691,120,11,1.3852298845913147
7692,120,12,1.345958965579964
7693,120,13,1.3100162136546674
7694,120,14,1.2779489685353425
7695,120,15,1.2502674805328464
7696,120,16,1.2274318311947494
7697,120,17,1.2098392420169553
7698,120,18,1.197812178246074
7699,120,19,1.1915876473838267
7700,120,20,1.1913080708294934
7701,120,21,1.1970140725572678
7702,120,22,1.2086394816911925
7703,120,23,1.2260087876270132
7704,120,24,1.2488372186805716
7705,120,25,1.2767335401913678
7706,120,26,1.309205587937554
7707,120,27,2.207808459900091
7708,120,28,2.1824754861999565
7709,120,29,2.155000130223112
7710,120,30,2.1255202037436494
7711,120,31,2.09422274111324
7712,120,32,2.061341615991908
7713,120,33,2.027153604248923
7714,120,34,1.9919730875514319
7715,120,35,1.9561456405223119
7716,120,36,1.9200407795665848
7717,120,37,1.8840441724066896
7718,120,38,1.8485496136337223
7719,120,39,1.8139510635097276
7720,120,40,1.7806350258765717
7721,120,41,1.7489735079955946
7722,120,42,1.7193177626392042
7723,120,43,1.6919929633597857
7724,120,44,1.667293910408414
7725,120,45,1.6454818102056625
7726,120,46,1.6267821184685798
7727,120,47,1.611383388761418
7728,120,48,1.5994370267178697
7729,120,49,1.5910578173834047
7730,120,50,1.586325070411674
7731,120,51,1.5852842159817888
7732,120,52,1.5879486834190564
7733,120,53,1.5943019041147877
7734,120,54,1.6042992993829754
7735,120,55,1.617870140783531
7736,120,56,1.5501610839991726
7737,120,57,1.5198106525589123
7738,120,58,1.4913853768819572
7739,120,59,1.4652518688919889
7740,120,60,1.4416920301933718
7741,120,61,1.420900252996109
7742,120,62,1.4029833684351436
7743,120,64,1.375782029191516
7744,121,0,2.8598872215580577
7745,121,1,2.8366523806389923
7746,121,2,2.813762071019296
7747,121,3,2.791751839162403
7748,121,4,2.771134474749804
7749,121,5,2.752390413406891
7750,121,6,1.6003209632199524
7751,121,7,1.5532181132988632
7752,121,8,1.5065729584097831
7753,121,9,1.4609286054625943
7754,121,10,1.4168498872645203
7755,121,11,1.3749138490744275
7756,121,12,1.3356989109754842
7757,121,13,1.2997729636619686
7758,121,14,1.2676807067792333
7759,121,15,1.2399305813989971
7760,121,16,1.2169816798096376
7761,121,17,1.1992310351611462
7762,121,18,1.1870016996423174
7763,121,19,1.1805320122471679
7764,121,20,1.1799664357443729
7765,121,21,1.185348307614991
7766,121,22,1.196614802359333
7767,121,23,1.2135943440307437
7768,121,24,1.236006639875678
7769,121,25,1.2634654306400166
7770,121,26,1.2954839728177312
7771,121,27,2.2076390659290936
7772,121,28,2.183573516135266
7773,121,29,2.157350443231731
7774,121,30,2.1290835677184137
7775,121,31,2.09893711710208
7776,121,32,2.067124003921591
7777,121,33,2.0339023865092813
7778,121,34,1.9995707936483476
7779,121,35,1.9644620454953539
7780,121,36,1.928936241487435
7781,121,37,1.8933731101898865
7782,121,38,1.858164025636491
7783,121,39,1.8237039898816292
7784,121,40,1.7903838631326279
7785,121,41,1.758583092512285
7786,121,42,1.7286631503046908
7787,121,43,1.700961844970668
7788,121,44,1.6757886160691713
7789,121,45,1.6534208704022688
7790,121,46,1.6341013641011304
7791,121,47,1.6180365867000988
7792,121,48,1.6053960609021307
7793,121,49,1.5963124376869138
7794,121,50,1.5908822420921833
7795,121,51,1.5891671112593886
7796,121,52,1.5911953634058524
7797,121,53,1.5969637438772475
7798,121,54,1.606439211372049
7799,121,55,1.619560652321269
7800,121,56,1.5391951133610544
7801,121,57,1.5094794916415446
7802,121,58,1.4816596461441482
7803,121,59,1.4560941267178311
7804,121,60,1.4330575767315767
7805,121,61,1.412738093516284
7806,121,62,1.3952373156186098
7807,121,64,1.3686850285951975
7808,122,0,2.863121945042469
7809,122,1,2.8399622467422585
7810,122,2,2.816970293076935
7811,122,3,2.794682280007479
7812,122,4,2.773615384537158
7813,122,5,2.7542582146864
7814,122,6,1.5888256352016856
7815,122,7,1.541937655872435
7816,122,8,1.4954970597292592
7817,122,9,1.450040134330551
7818,122,10,1.4061254724600813
7819,122,11,1.3643245210205073
7820,122,12,1.3252107932183024
7821,122,13,1.2893480026638435
7822,122,14,1.257277429710327
7823,122,15,1.229504872860021
7824,122,16,1.206487569634927
7825,122,17,1.188621490557739
7826,122,18,1.1762294158461082
7827,122,19,1.1695501965676334
7828,122,20,1.168729580288698
7829,122,21,1.1738129461139646
7830,122,22,1.184740246364555
7831,122,23,1.2013433933385878
7832,122,24,1.2233462613995532
7833,122,25,1.2503673991564084
7834,122,26,2.2277881695861588
7835,122,27,2.2072268350024813
7836,122,28,2.1844586282563845
7837,122,29,2.1595219496511406
7838,122,30,2.1325063973733474
7839,122,31,2.1035532858572354
7840,122,32,2.072854382313946
7841,122,33,2.040648964741729
7842,122,34,2.0072193692291944
7843,122,35,1.9728852483504213
7844,122,36,1.9379968038705369
7845,122,37,1.9029272844549967
7846,122,38,1.868065051953822
7847,122,39,1.8338055181982242
7848,122,40,1.8005432388961804
7849,122,41,1.7686644235887847
7850,122,42,1.7385400827297595
7851,122,43,1.7105199872134318
7852,122,44,1.6849275648390285
7853,122,45,1.6620558051492136
7854,122,46,1.6421641917028402
7855,122,47,1.6254766318667273
7856,122,48,1.6121803110769815
7857,122,49,1.6024253632513676
7858,122,50,1.5963252231447784
7859,122,51,1.5939575108658572
7860,122,52,1.5953652938364415
7861,122,53,1.600558576881665
7862,122,54,1.6095158860065104
7863,122,55,1.6221858343380906
7864,122,56,1.5277533388878493
7865,122,57,1.4986865877157844
7866,122,58,1.4714859409046015
7867,122,59,1.446501543030916
7868,122,60,1.4240005139391065
7869,122,61,1.4041644738067776
7870,122,62,1.3870897711883494
7871,122,64,1.3612029555897505
7872,123,0,2.8659914933117414
7873,123,1,2.842829759599557
7874,123,2,2.8196600436809907
7875,123,3,2.7970197801508605
7876,123,4,2.7754311105166556
7877,123,5,2.7553913695269596
7878,123,6,1.5768972648014785
7879,123,7,1.5302545239163186
7880,123,8,1.4840524818242706
7881,123,9,1.4388203562528312
7882,123,10,1.395110126706773
7883,123,11,1.3534871516400664
7884,123,12,1.3145194403707612
7885,123,13,1.2787658391151977
7886,123,14,1.2467634422508644
7887,123,15,1.2190145823729026
7888,123,16,1.1959737841544011
7889,123,17,1.1780350860836648
7890,123,18,1.1655201398753883
7891,123,19,1.1586674892335824
7892,123,20,1.1576234076551226
7893,123,21,1.1624346395601102
7894,123,22,1.1730433411479617
7895,123,23,1.1892844583811106
7896,123,24,1.2108857111693765
7897,123,25,1.23747027729098
7898,123,26,2.225828662078016
7899,123,27,2.206574134122942
7900,123,28,2.1851306671997133
7901,123,29,2.16151201147571
7902,123,30,2.135783648766578
7903,123,31,2.108063909245473
7904,123,32,2.0785232629356214
7905,123,33,2.047381873681698
7906,123,34,2.0149055700906793
7907,123,35,1.9814004446261189
7908,123,36,1.9472063364624632
7909,123,37,1.9126894843591462
7910,123,38,1.8782346519215167
7911,123,39,1.8442370291386205
7912,123,40,1.8110942017040814
7913,123,41,1.7791984546732007
7914,123,42,1.7489296413956246
7915,123,43,1.7206488047538875
7916,123,44,1.6946926882208582
7917,123,45,1.6713692219839174
7918,123,46,1.650954017250986
7919,123,47,1.6336878526025107
7920,123,48,1.619775092362012
7921,123,49,1.6093829405082156
7922,123,50,1.6026414062319947
7923,123,51,1.5996438398719364
7924,123,52,1.600447891057275
7925,123,53,1.6050767442457592
7926,123,54,1.6135204996780823
7927,123,55,1.6257375887605492
7928,123,56,1.5158796281137712
7929,123,57,1.4874738916546602
7930,123,58,1.4609041524632254
7931,123,59,1.4365118182327756
7932,123,60,1.4145562327567887
7933,123,61,1.3952123706158512
7934,123,62,1.3785712077398855
7935,123,64,1.3533610675011798
7936,124,0,2.8683916271103422
7937,124,1,2.845150246116732
7938,124,2,2.821726929088375
7939,124,3,2.798660936199691
7940,124,4,2.7764799372912874
7941,124,5,2.7556905238603098
7942,124,6,1.5645672882593293
7943,124,7,1.5181994293135619
7944,124,8,1.4722692100680457
7945,124,9,1.427298550075823
7946,124,10,1.3838324631628984
7947,124,11,1.3424297485617869
7948,124,12,1.3036523322570532
7949,124,13,1.2680535183973185
7950,124,14,1.2361654622695497
7951,124,15,1.208486218626169
7952,124,16,1.1854667503822003
7953,124,17,1.1674983015015605
7954,124,18,1.154900543329051
7955,124,19,1.1479108952131865
7956,124,20,1.1466753979974884
7957,124,21,1.1512414833103306
7958,124,22,1.1615529335034345
7959,124,23,1.1774472679682404
7960,124,24,1.1986557231892672
7961,124,25,1.224805918408019
7962,124,26,2.223611845273015
7963,124,27,2.205684803528304
7964,124,28,2.1855908930462795
7965,124,29,2.163319329017238
7966,124,30,2.1389115196717974
7967,124,31,2.1124627748504516
7968,124,32,2.0841221481804957
7969,124,33,2.0540904850528325
7970,124,34,2.022616817610036
7971,124,35,1.9899933072834641
7972,124,36,1.95654898277316
7973,124,37,1.9226425551325588
7974,124,38,1.8886546109012676
7975,124,39,1.854979488862763
7976,124,40,1.8220171365513083
7977,124,41,1.7901652203256757
7978,124,42,1.7598117294846625
7979,124,43,1.7313282728143857
7980,124,44,1.7050642177658957
7981,124,45,1.6813417709956981
7982,124,46,1.6604520471364086
7983,124,47,1.6426521231663296
7984,124,48,1.628163031131431
7985,124,49,1.6171686043800717
7986,124,50,1.6098150635598842
7987,124,51,1.6062112095018617
7988,124,52,1.6064290812833542
7989,124,53,1.6105049391128352
7990,124,54,1.6184404425178665
7991,124,55,1.6302039134103372
7992,124,56,1.5036214807491854
7993,124,57,1.4758869618508428
7994,124,58,1.4499577406124595
7995,124,59,1.4261661689167728
7996,124,60,1.4047635759525736
7997,124,61,1.3859181373798044
7998,124,62,1.369715389981531
7999,124,64,1.3451877217278296
8000,125,0,2.8702193657066157
8001,125,1,2.8468205835806266
8002,125,2,2.823068392881678
8003,125,3,2.7995044611831448
8004,125,4,2.7766625343473486
8005,125,5,2.755058963743509
8006,125,6,1.5518702549212133
8007,125,7,1.5058061502084725
8008,125,8,1.4601802393274241
8009,125,9,1.4155069364139914
8010,125,10,1.3723239574295854
8011,125,11,1.3311830907070186
8012,125,12,1.2926396172214916
8013,125,13,1.2572406406453303
8014,125,14,1.2255126386695965
8015,125,15,1.197948589097292
8016,125,16,1.17499505512549
8017,125,17,1.1570396326989159
8018,125,18,1.1443991679154828
8019,125,19,1.137309143731535
8020,125,20,1.1359146126647484
8021,125,21,1.1402630163216811
8022,125,22,1.150299184350192
8023,125,23,1.1658627462412263
8024,125,24,1.1866881210825304
8025,125,25,1.2124071750400567
8026,125,26,2.221145584516744
8027,125,27,2.204564114151397
8028,125,28,2.185841945776769
8029,125,29,2.16494391212804
8030,125,30,2.14188742726837
8031,125,31,2.1167447797616354
8032,125,32,2.08964352053005
8033,125,33,2.0607650022214443
8034,125,34,2.0303411980762536
8035,125,35,1.9986499901674595
8036,125,36,1.966009167103598
8037,125,37,1.9327694081018123
8038,125,38,1.8993065527344326
8039,125,39,1.8660134633474261
8040,125,40,1.8332917805886297
8041,125,41,1.8015438527952232
8042,125,42,1.771165088901376
8043,125,43,1.7425369442596785
8044,125,44,1.7160207019081581
8045,125,45,1.6919521611611246
8046,125,46,1.6706372938251217
8047,125,47,1.652348878623615
8048,125,48,1.637324079108101
8049,125,49,1.6257628916342688
8050,125,50,1.6178273596199035
8051,125,51,1.6136414294634027
8052,125,52,1.6132913127822612
8053,125,53,1.616826219015628
8054,125,54,1.6242593313182507
8055,125,55,1.6355689159066649
8056,125,56,1.4910298254044456
8057,125,57,1.4639747678384867
8058,125,58,1.4386935460016776
8059,125,59,1.4155091508495004
8060,125,60,1.3946646736009318
8061,125,61,1.3763213540634898
8062,125,62,1.3605592407558704
8063,125,64,1.3367142792821602
8064,126,0,2.8713735977990336
8065,126,1,2.847739809008753
8066,126,2,2.823584320843979
8067,126,3,2.799451782033978
8068,126,4,2.775882543262362
8069,126,5,2.7534031894885027
8070,126,6,1.5388437923087728
8071,126,7,1.4931115021341315
8072,126,8,1.4478215505342207
8073,126,9,1.4034806589970439
8074,126,10,1.360618932964682
8075,126,11,1.3197807170330706
8076,126,12,1.281514103447773
8077,126,13,1.2463593538851223
8078,126,14,1.2148365455903085
8079,126,15,1.1874327945799596
8080,126,16,1.1645894391198541
8081,126,17,1.1466895847411922
8082,126,18,1.13404641676433
8083,126,19,1.1268926772159293
8084,126,20,1.1253716801897404
8085,126,21,1.1295302036283836
8086,126,22,1.1393135471762
8087,126,23,1.1545629865915497
8088,126,24,1.1750157870229918
8089,126,25,1.2003078623927372
8090,126,26,2.218439149796023
8091,126,27,2.203218716861599
8092,126,28,2.185887801425313
8093,126,29,2.1663870431597703
8094,126,30,2.1447099777267327
8095,126,31,2.120905906542174
8096,126,32,2.0950808246007666
8097,126,33,2.0673964479695903
8098,126,34,2.0380674557929046
8099,126,35,2.0073571260112195
8100,126,36,1.9755715970003156
8101,126,37,1.9430530271318138
8102,126,38,1.9101719497068455
8103,126,39,1.877319131417947
8104,126,40,1.8448972387839357
8105,126,41,1.8133125999012778
8106,126,42,1.7829673200013185
8107,126,43,1.7542519708445108
8108,126,44,1.7275390284526875
8109,126,45,1.703177183850793
8110,126,46,1.6814866002214641
8111,126,47,1.6627551399661726
8112,126,48,1.6472355392038884
8113,126,49,1.635143467470839
8114,126,50,1.626656378613103
8115,126,51,1.6219130363552083
8116,126,52,1.6210135854655772
8117,126,53,1.6240200369009585
8118,126,54,1.6309570422817137
8119,126,55,1.6418128484641814
8120,126,56,1.478158779341252
8121,126,57,1.4517894566786496
8122,126,58,1.4271615651365923
8123,126,59,1.4045884445883632
8124,126,60,1.3843047413219218
8125,126,61,1.3664646399969658
8126,126,62,1.3511426703961342
8127,126,64,1.3279749726035672
8128,127,0,2.871755686902953
8129,127,1,2.8478097219919483
8130,127,2,2.8231776383571394
8131,127,3,2.7984076286541253
8132,127,4,2.774047155598908
8133,127,5,2.750633479631
8134,127,6,1.525528541029992
8135,127,7,1.4801552793796688
8136,127,8,1.4352320579313944
8137,127,9,1.391257737173375
8138,127,10,1.3487545181891507
8139,127,11,1.3082588875661645
8140,127,12,1.270311223229793
8141,127,13,1.2354443208498276
8142,127,14,1.2041711510809932
8143,127,15,1.1769721990374102
8144,127,16,1.154282767399017
8145,127,17,1.1364806421132256
8146,127,18,1.1238745239151797
8147,127,19,1.1166936194283918
8148,127,20,1.115078762482446
8149,127,21,1.1190754000316274
8150,127,22,1.1286287286767713
8151,127,23,1.143581208714175
8152,127,24,1.1636726146790555
8153,127,25,1.1885427066629242
8154,127,26,2.2155031502899707
8155,127,27,2.201656583752494
8156,127,28,2.1857337201900258
8157,127,29,2.1676512319113113
8158,127,30,2.147378927939444
8159,127,31,2.1249431916246726
8160,127,32,2.100428442027621
8161,127,33,2.073976645637308
8162,127,34,2.045784980205765
8163,127,35,2.0161018192394917
8164,127,36,1.985221261398031
8165,127,37,1.9534764717525321
8166,127,38,1.9212321302957487
8167,127,39,1.8888762967516672
8168,127,40,1.856811999827635
8169,127,41,1.8254488445040198
8170,127,42,1.7951949043145485
8171,127,43,1.7664491289105828
8172,127,44,1.7395944530044243
8173,127,45,1.714991743791506
8174,127,46,1.692974673011436
8175,127,47,1.6738455497334916
8176,127,48,1.6578721033657904
8177,127,49,1.6452851655900997
8178,127,50,1.6362771667841443
8179,127,51,1.6310013383578128
8180,127,52,1.6295714980691267
8181,127,53,1.6320622909682547
8182,127,54,1.6385097637174408
8183,127,55,1.6489121636716424
8184,127,56,1.4650653719088096
8185,127,57,1.4393860827332616
8186,127,58,1.4154146885886825
8187,127,59,1.3934546042423173
8188,127,60,1.3737318417003022
8189,127,61,1.3563934300235554
8190,127,62,1.3415083696092627
8191,127,64,1.3190067375340293
8192,128,0,2.87127006791196
8193,128,1,2.846935477751896
8194,128,2,2.821754897086962
8195,128,3,2.796280611382845
8196,128,4,2.7710676783714647
8197,128,5,2.74666444170758
8198,128,6,1.511968058562144
8199,128,7,1.4669801655392092
8200,128,8,1.4224535258570263
8201,128,9,1.3788789883644115
8202,128,10,1.3367705740226454
8203,128,11,1.2966565154129819
8204,128,12,1.2590689688451437
8205,128,13,1.2245326580985765
8206,128,14,1.1935527588505421
8207,128,15,1.1666023733741537
8208,128,16,1.1441099744880012
8209,128,17,1.1264472147420173
8210,128,18,1.113917500586827
8211,128,19,1.1067457214055791
8212,128,20,1.105069499869932
8213,128,21,1.1089322936712755
8214,128,22,1.1182786302889562
8215,128,23,1.1329516975313232
8216,128,24,1.1526934449461763
8217,128,25,1.177147276988899
8218,128,26,2.2123494614969097
8219,128,27,2.1998869417933182
8220,128,28,2.185386186814073
8221,128,29,2.1687401628763894
8222,128,30,2.149895139706161
8223,128,31,2.128854686441498
8224,128,32,2.105681659489147
8225,128,33,2.080498193938766
8226,128,34,2.0534837873594944
8227,128,35,2.0248716338754
8228,128,36,1.9949434247535835
8229,128,37,1.964022877272728
8230,128,38,1.932468284999432
8231,128,39,1.9006643991511663
8232,128,40,1.8690139525765286
8233,128,41,1.8379291258527526
8234,128,42,1.8078232305460997
8235,128,43,1.779102849806565
8236,128,44,1.7521606336005076
8237,128,45,1.7273688977331358
8238,128,46,1.7050741252194488
8239,128,47,1.6855924183498852
8240,128,48,1.6692059026202797
8241,128,49,1.6561600419072806
8242,128,50,1.646661789804369
8243,128,51,1.6408784763160782
8244,128,52,1.6389373129951919
8245,128,53,1.6409253933571297
8246,128,54,1.6468900686800023
8247,128,55,1.656839591201674
8248,128,56,1.4518092327562526
8249,128,57,1.4268223018943493
8250,128,58,1.4035084034378555
8251,128,59,1.382160770336215
8252,128,60,1.3629966097629502
8253,128,61,1.3461557147358685
8254,128,62,1.3317015665412728
8255,128,64,1.309849009814898
8256,129,0,2.8698248315591908
8257,129,1,2.8450261671693955
8258,129,2,2.8192268477551328
8259,129,3,2.7929837837249623
8260,129,4,2.766860084014812
8261,129,5,2.7414155468536183
8262,129,6,1.498208691259816
8263,129,7,1.4536316125007098
8264,129,8,1.4095304542399325
8265,129,9,1.3663879195694992
8266,129,10,1.3247095908837805
8267,129,11,1.2850150687320316
8268,129,12,1.2478277989676403
8269,129,13,1.2136638463381124
8270,129,14,1.1830199219660127
8271,129,15,1.1563610119802283
8272,129,16,1.1341079832621854
8273,129,17,1.1166255586386473
8274,129,18,1.1042110570665638
8275,129,19,1.0970842840532367
8276,129,20,1.0953789338432804
8277,129,21,1.09913582835813
8278,129,22,1.1082982695235453
8279,129,23,1.1227097229164598
8280,129,24,1.1421139834297356
8281,129,25,1.166157900031431
8282,129,26,2.2089911453086697
8283,129,27,2.1979201992140864
8284,129,28,2.1848528436054875
8285,129,29,2.1696586351573925
8286,129,30,2.1522605267371104
8287,129,31,2.1326394116519216
8288,129,32,2.1108366302337633
8289,129,33,2.0869544358088348
8290,129,34,2.061154496035993
8291,129,35,2.0336545768982637
8292,129,36,2.0047236175132186
8293,129,37,1.9746754522156595
8294,129,38,1.9438614705760908
8295,129,39,1.9126625254036407
8296,129,40,1.8814804033405406
8297,129,41,1.850729163102725
8298,129,42,1.8208266241276205
8299,129,43,1.7921862552867376
8300,129,44,1.7652096717803083
8301,129,45,1.7402799010306826
8302,129,46,1.7177555281622863
8303,129,47,1.6979657813316373
8304,129,48,1.6812065694374745
8305,129,49,1.6677374420002478
8306,129,50,1.6577794052514152
8307,129,51,1.6515135012190905
8308,129,52,1.6490800387784352
8309,129,53,1.6505783575988777
8310,129,54,1.6560670074155173
8311,129,55,1.6655642352654172
8312,129,56,1.6790486909450912
8313,129,57,1.4141580317791893
8314,129,58,1.391500461422346
8315,129,59,1.370762348196007
8316,129,60,1.352151943854708
8317,129,61,1.3358017460424914
8318,129,62,1.3217697491502645
8319,129,64,1.3005434869380985
8320,130,0,2.8673322935534555
8321,130,1,2.841995380591097
8322,130,2,2.8155089958520874
8323,130,3,2.7884351872530955
8324,130,4,2.7613455418407864
8325,130,5,2.73481164529446
8326,130,6,1.4842994142785222
8327,130,7,1.4401576874666293
8328,130,8,1.3965099323101204
8329,130,9,1.3538305873455458
8330,130,10,1.3126165545098885
8331,130,11,1.2733784419594887
8332,130,12,1.236630514862382
8333,130,13,1.2028796111480788
8334,130,14,1.1726133276664208
8335,130,15,1.1462878211871617
8336,130,16,1.1243155965914895
8337,130,17,1.107053670265229
8338,130,18,1.0947924993183156
8339,130,19,1.0877460564927401
8340,130,20,1.0860434066133462
8341,130,21,1.0897221037781666
8342,130,22,1.0987236802208076
8343,130,23,1.112891439364339
8344,130,24,1.131970698849007
8345,130,25,1.1556115563863247
8346,130,26,2.205442363451727
8347,130,27,2.1957678650451333
8348,130,28,2.1841424165168166
8349,130,29,2.17041249546579
8350,130,30,2.154477994893633
8351,130,31,2.1362973048816514
8352,130,32,2.1158903295184976
8353,130,33,2.093339421685313
8354,130,34,2.068788298972151
8355,130,35,2.042439077440905
8356,130,36,2.014547623290431
8357,130,37,1.9854174734406858
8358,130,38,1.955392613040295
8359,130,39,1.924849420057006
8360,130,40,1.8941880943225409
8361,130,41,1.8638238812877024
8362,130,42,1.8341783805818295
8363,130,43,1.8056711981214277
8364,130,44,1.7787121602950804
8365,130,45,1.7536942623091119
8366,130,46,1.7309874729306571
8367,130,47,1.7109334674544283
8368,130,48,1.6938413124624008
8369,130,49,1.6799840822917367
8370,130,50,1.6695963501383126
8371,130,51,1.662872467979436
8372,130,52,1.6599655300240461
8373,130,53,1.6609869046248613
8374,130,54,1.6660062193509306
8375,130,55,1.675051692488769
8376,130,56,1.6881107203728827
8377,130,57,1.4014550798429286
8378,130,58,1.3794505147177716
8379,130,59,1.3593166537262569
8380,130,60,1.3412526637127005
8381,130,61,1.3253837097730896
8382,130,62,1.3117623544819494
8383,130,64,1.2911338566623376
8384,131,0,2.86370954523254
8385,131,1,2.8377617522921574
8386,131,2,2.8105221372165605
8387,131,3,2.78255837567112
8388,131,4,2.7544509280449674
8389,131,5,2.7267834598782112
8390,131,6,1.470291639454588
8391,131,7,1.4266088879459606
8392,131,8,1.383441460371752
8393,131,9,1.341255426026401
8394,131,10,1.3005387802875157
8395,131,11,1.2617927959156794
8396,131,12,1.225522105932681
8397,131,13,1.1922237736303838
8398,131,14,1.1623756527706481
8399,131,15,1.136424379080046
8400,131,16,1.11477336118621
8401,131,17,1.0977711540217605
8402,131,18,1.0857005996887206
8403,131,19,1.0787691095287197
8404,131,20,1.0771004368396584
8405,131,21,1.0807282529337452
8406,131,22,1.0895917911010073
8407,131,23,1.1035337649896304
8408,131,24,1.1223007017617368
8409,131,25,1.1455457582507966
8410,131,26,2.201718284760983
8411,131,27,2.1934424622807303
8412,131,28,2.1832646347563456
8413,131,29,2.1710085646810318
8414,131,30,2.156551376135772
8415,131,31,2.139829162440628
8416,131,32,2.1208405044195855
8417,131,33,2.0996478676774544
8418,131,34,2.076376929596244
8419,131,35,2.0512139622516763
8420,131,36,2.0244014631627807
8421,131,37,1.9962322793395302
8422,131,38,1.9670425097832607
8423,131,39,1.9372034964532403
8424,131,40,1.907113223523077
8425,131,41,1.877187440028216
8426,131,42,1.8478508029447274
8427,131,43,1.8195283081259859
8428,131,44,1.7926372376226463
8429,131,45,1.767579806331975
8430,131,46,1.7447366414719236
8431,131,47,1.724461177904249
8432,131,48,1.7070750035834141
8433,131,49,1.692864144880492
8434,131,50,1.6820762433483267
8435,131,51,1.6749185453078514
8436,131,52,1.671556604552042
8437,131,53,1.672113587002106
8438,131,54,1.6766700642319659
8439,131,55,1.6852641897502372
8440,131,56,1.6978921666235065
8441,131,57,1.3887767417923325
8442,131,58,1.367419721706582
8443,131,59,1.3478825288974776
8444,131,60,1.33035513799138
8445,131,61,1.3149553674876147
8446,131,62,1.3017304269060135
8447,131,64,1.2816654939783474
8448,132,0,2.858878982661323
8449,132,1,2.8322494825593947
8450,132,2,2.8041928704964056
8451,132,3,2.775282915116266
8452,132,4,2.746109311416021
8453,132,5,2.717268054890253
8454,132,6,1.4562389915410001
8455,132,7,1.4130379250149148
8456,132,8,1.3703767398421658
8457,132,9,1.3287130443002697
8458,132,10,1.2885257161349162
8459,132,11,1.2503063667643084
8460,132,12,1.2145495645293276
8461,132,13,1.1817420708385835
8462,132,14,1.1523513894875992
8463,132,15,1.1268139664324113
8464,132,16,1.1055234033757346
8465,132,17,1.0888190625543752
8466,132,18,1.0769754413884374
8467,132,19,1.0701926838961713
8468,132,20,1.0685885711773448
8469,132,21,1.072192296458495
8470,132,22,1.0809402822436982
8471,132,23,1.0946742394910984
8472,132,24,1.1131416032553008
8473,132,25,1.1359984080049776
8474,132,26,2.197834986796326
8475,132,27,2.1909574351831895
8476,132,28,2.1822301444507914
8477,132,29,2.1714545584885037
8478,132,30,2.158485356695147
8479,132,31,2.143236575531892
8480,132,32,2.125685618519089
8481,132,33,2.1058751091129637
8482,132,34,2.0839126247597575
8483,132,35,2.059968427879074
8484,132,36,2.0342713775230865
8485,132,37,2.0071032615165043
8486,132,38,1.9787918311964383
8487,132,39,1.9497028483651015
8488,132,40,1.9202314664190565
8489,132,41,1.8907932652438768
8490,132,42,1.861815243469652
8491,132,43,1.8337270437846758
8492,132,44,1.8069526494123649
8493,132,45,1.7819027451447353
8494,132,46,1.758967887287536
8495,132,47,1.7385125763651292
8496,132,48,1.7208702772282984
8497,132,49,1.7063393858466285
8498,132,50,1.6951801027337117
8499,132,51,1.6876121413725493
8500,132,52,1.683813177366814
8501,132,53,1.683917930944113
8502,132,54,1.6880177718861018
8503,132,55,1.696160741385137
8504,132,56,1.7083518986293247
8505,132,57,1.37618737310221
8506,132,58,1.355470325524228
8507,132,59,1.3365199296926749
8508,132,60,1.319516883929058
8509,132,61,1.304571670100207
8510,132,62,1.2917262478226725
8511,132,64,1.2721851287703774
8512,133,0,2.852768811204939
8513,133,1,2.82538883446382
8514,133,2,2.7964540836108793
8515,133,3,2.7665448578838054
8516,133,4,2.7362604120074714
8517,133,5,2.7062092774966384
8518,133,6,1.4421970535627462
8519,133,7,1.39949947550756
8520,133,8,1.3573694321239635
8521,133,9,1.316255990625527
8522,133,10,1.2766287143376271
8523,133,11,1.238969244153274
8524,133,12,1.2037616702854117
8525,133,13,1.1714819461911343
8526,133,14,1.142586641779002
8527,133,15,1.1175013688664195
8528,133,16,1.0966092368801037
8529,133,17,1.0802397099075538
8530,133,18,1.0686582367388309
8531,133,19,1.0620570132498603
8532,133,20,1.0605472115825991
8533,133,21,1.064152973729381
8534,133,22,1.0728074194078445
8535,133,23,1.0863508609878507
8536,133,24,1.1045313535117518
8537,133,25,1.1270076376234888
8538,133,26,2.193809352354147
8539,133,27,2.1883270512877937
8540,133,28,2.181050416924488
8541,133,29,2.1717590026624327
8542,133,30,2.1602854000360456
8543,133,31,2.146521861507463
8544,133,32,2.1304247920123816
8545,133,33,2.1120170499929944
8546,133,34,2.091388083974579
8547,133,35,2.0686920100649764
8548,133,36,2.0441438059427997
8549,133,37,2.01801385537792
8550,133,38,1.9906211221867962
8551,133,39,1.962325262583444
8552,133,40,1.9335179997183058
8553,133,41,1.9046140841222787
8554,133,42,1.8760421498124513
8555,133,43,1.848235749611714
8556,133,44,1.8216248169420584
8557,133,45,1.7966277575106022
8558,133,46,1.7736443256960577
8559,133,47,1.7530493899249007
8560,133,48,1.7351876416972107
8561,133,49,1.7203692567663253
8562,133,50,1.708866476537715
8563,133,51,1.7009110448256228
8564,133,52,1.696692410956636
8565,133,53,1.6963565955235704
8566,133,54,1.700005609959568
8567,133,55,1.707697325028076
8568,133,56,1.719445695280736
8569,133,57,1.3637519368341933
8570,133,58,1.3436652085735692
8571,133,59,1.3252894896747018
8572,133,60,1.3087961422657242
8573,133,61,1.2942883463542416
8574,133,62,1.2818029397815127
8575,133,64,1.2627404868679086
8576,134,0,2.845313522726758
8577,134,1,2.817116602512354
8578,134,2,2.7872454114565084
8579,134,3,2.7562871868807552
8580,134,4,2.724851030154263
8581,134,5,2.6935581692857076
8582,134,6,1.42822308241985
8583,134,7,1.386049904163991
8584,134,8,1.3444748872441403
8585,134,9,1.303938488332094
8586,134,10,1.2649007731038981
8587,134,11,1.227833119229423
8588,134,12,1.1932087446003443
8589,134,13,1.1614923104287704
8590,134,14,1.1331288927766923
8591,134,15,1.108532650686539
8592,134,16,1.0880755429734814
8593,134,17,1.0720764578746889
8594,134,18,1.0607911194982877
8595,134,19,1.054403122174632
8596,134,20,1.053016418624499
8597,134,21,1.0566495509980731
8598,134,22,1.0652318663947193
8599,134,23,1.078601901915479
8600,134,24,1.096508060427092
8601,134,25,1.1186116290972299
8602,134,26,2.1896589614651623
8603,134,27,2.185566298709835
8604,134,28,2.1797376522017764
8605,134,29,2.1719311436013453
8606,134,30,2.1619576652084156
8607,134,31,2.1496879907661386
8608,134,32,2.1350577378176427
8609,134,33,2.1180701089175025
8610,134,34,2.098796425694041
8611,134,35,2.0773745508560446
8612,134,36,2.054005365523057
8613,134,37,2.0289475300671787
8614,134,38,2.002510803976326
8615,134,39,1.9750482327989316
8616,134,40,1.94694752748044
8617,134,41,1.9186219635771438
8618,134,42,1.8905011158683853
8619,134,43,1.8630217193540664
8620,134,44,1.8366189126218506
8621,134,45,1.811718076600822
8622,134,46,1.7887274335477656
8623,134,47,1.7680315206064385
8624,134,48,1.749985602259174
8625,134,49,1.7349110390801052
8626,134,50,1.723091588700478
8627,134,51,1.7147705806727904
8628,134,52,1.710148881314827
8629,134,53,1.7093835483945274
8630,134,54,1.712587068852612
8631,134,55,1.7198270752363098
8632,134,56,1.7311264471756918
8633,134,57,1.3515355313305828
8634,134,58,1.3320674265789505
8635,134,59,1.3142520627227667
8636,134,60,1.2982514309157314
8637,134,61,1.2841614695859245
8638,134,62,1.2720140483630895
8639,134,64,1.253379907605614
8640,135,0,2.836454342696645
8641,135,1,2.807376550505426
8642,135,2,2.7765136622362934
8643,135,3,2.744460228252884
8644,135,4,2.7118354433538974
8645,135,5,2.679273345513745
8646,135,6,1.4143756962277045
8647,135,7,1.3727469571279907
8648,135,8,1.3317498435606925
8649,135,9,1.2918161416230047
8650,135,10,1.2533962489741204
8651,135,11,1.2169510035859692
8652,135,12,1.1829423762609115
8653,135,13,1.1518232740372105
8654,135,14,1.1240267441129945
8655,135,15,1.0999549011865208
8656,135,16,1.0799679237842525
8657,135,17,1.0643734762403727
8658,135,18,1.0534169119139478
8659,135,19,1.0472725998189847
8660,135,20,1.0460366913664698
8661,135,21,1.0497216070707407
8662,135,22,1.0582524759539929
8663,135,23,1.07146570445988
8664,135,24,1.089109788746748
8665,135,25,2.186743961913421
8666,135,26,2.185401979505985
8667,135,27,2.1826907793924395
8668,135,28,2.1783046783772506
8669,135,29,2.1719808547612125
8670,135,30,2.163508921232828
8671,135,31,2.1527385099224925
8672,135,32,2.1395846943000807
8673,135,33,2.124031162071254
8674,135,34,2.1061311411998793
8675,135,35,2.086006163961294
8676,135,36,2.0638428282216763
8677,135,37,2.0398877781883984
8678,135,38,2.014441176577785
8679,135,39,1.9878489751140465
8680,135,40,1.960494309878765
8681,135,41,1.932788352404459
8682,135,42,1.9051609373990686
8683,135,43,1.878051265099788
8684,135,44,1.8518989425304153
8685,135,45,1.8271355858432994
8686,135,46,1.804177158210205
8687,135,47,1.7834171672568504
8688,135,48,1.7652207956558406
8689,135,49,1.7499199908683345
8690,135,50,1.7378094975115392
8691,135,51,1.729143780358139
8692,135,52,1.7241347589635703
8693,135,53,1.7229502572153819
8694,135,54,1.7257130629564752
8695,135,55,1.7325004939116968
8696,135,56,1.7433443755552227
8697,135,57,1.3396029016987359
8698,135,58,1.320739726100597
8699,135,59,1.3034682488424685
8700,135,60,1.2879410812620185
8701,135,61,1.2742470065844005
8702,135,62,1.2624131055521401
8703,135,64,1.2441519414051176
8704,136,0,2.8261396446463847
8705,136,1,2.7961198160794924
8706,136,2,2.76421320994473
8707,136,3,2.7310220297818324
8708,136,4,2.6971757686837545
8709,136,5,2.663321339810832
8710,136,6,1.4007145352383044
8711,136,7,1.359649428544516
8712,136,8,1.3192521001988047
8713,136,9,1.2799456140546717
8714,136,10,1.2421705415834294
8715,136,11,1.2063769205661559
8716,136,12,1.173015119550856
8717,136,13,1.14252585241776
8718,136,14,1.1153296283807266
8719,136,15,1.0918159545829864
8720,136,16,1.072332629824642
8721,136,17,1.0571754779497513
8722,136,18,1.0465788674798424
8723,136,19,1.0407073500819608
8724,136,20,1.039648724700545
8725,136,21,1.043408797377071
8726,136,22,1.051908060036728
8727,136,23,1.064980456301476
8728,136,24,1.0823743404659052
8729,136,25,2.1811114244238192
8730,136,26,2.1810570420845
8731,136,27,2.179716598967394
8732,136,28,2.176764847532221
8733,136,29,2.171918539664566
8734,136,30,2.1649464581891946
8735,136,31,2.155677461905873
8736,136,32,2.144006355250122
8737,136,33,2.1298974838836418
8738,136,34,2.1133860466756094
8739,136,35,2.0945771988972424
8740,136,36,2.0736430976520355
8741,136,37,2.0508181057629082
8742,136,38,2.0263924223334375
8743,136,39,2.0007044455088474
8744,136,40,1.9741321948579862
8745,136,41,1.9470841273176533
8746,136,42,1.9199896725521368
8747,136,43,1.893289792311938
8748,136,44,1.8674278359172425
8749,136,45,1.8428409227735219
8750,136,46,1.81995203557626
8751,136,47,1.7991629574516315
8752,136,48,1.7808481355734163
8753,136,49,1.7653495054977366
8754,136,50,1.7529722669753975
8755,136,51,1.743981565333264
8756,136,52,1.7386000041537877
8757,136,53,1.7370058958517576
8758,136,54,1.7393321471792127
8759,136,55,1.7456656764195646
8760,136,56,1.7560472672381684
8761,136,57,1.3280179393090585
8762,136,58,1.309744049743651
8763,136,59,1.2929979072738564
8764,136,60,1.2779227612656532
8765,136,61,1.2646003526909675
8766,136,62,1.253053178674096
8767,136,64,1.235104931253216
8768,137,0,2.814325329575205
8769,137,1,2.783305279580375
8770,137,2,2.750306350708146
8771,137,3,2.7159387028157056
8772,137,4,2.6808422885915033
8773,137,5,2.6456769122665267
8774,137,6,1.3872998985285068
8775,137,7,1.3468168023555669
8776,137,8,1.307040164231511
8777,137,9,1.2683842814305464
8778,137,10,1.231279752634956
8779,137,11,1.1961655707060452
8780,137,12,1.1634801665595063
8781,137,13,1.1336516454459213
8782,137,14,1.1070874962943476
8783,137,15,1.0841640850802854
8784,137,16,1.0652162631894495
8785,137,17,1.050527430581529
8786,137,18,1.0403203907173137
8787,137,19,1.0347493196114166
8788,137,20,1.0338931453380789
8789,137,21,1.0377505975819834
8790,137,22,1.0462371405035993
8791,137,23,1.059183947738942
8792,137,24,1.076339017531554
8793,137,25,2.1754247981327905
8794,137,26,2.1766431373877806
8795,137,27,2.1766602539305597
8796,137,28,2.1751319289049764
8797,137,29,2.1717550321921593
8798,137,30,2.1662779957076923
8799,137,31,2.1585093036725023
8800,137,32,2.1483237977760923
8801,137,33,2.13566668599296
8802,137,34,2.1205552340599323
8803,137,35,2.103078204470138
8804,137,36,2.083393185852351
8805,137,37,2.061722022859458
8806,137,38,2.0383446108935623
8807,137,39,2.01359135956716
8808,137,40,1.9878346529185946
8809,137,41,1.961479643011616
8810,137,42,1.9349547073375357
8811,137,43,1.9087018807618175
8812,137,44,1.883167541550787
8813,137,45,1.8587935906705397
8814,137,46,1.836009316777902
8815,137,47,1.8152240889954347
8816,137,48,1.7968209685616425
8817,137,49,1.7811512815145714
8818,137,50,1.7685301501626538
8819,137,51,1.7592329432811544
8820,137,52,1.7534925753108652
8821,137,53,1.7514975643309059
8822,137,54,1.7533907476368977
8823,137,55,1.7592685521897438
8824,137,56,1.7691807242536717
8825,137,57,1.3168431737975368
8826,137,58,1.2991410335694882
8827,137,59,1.2828996614014865
8828,137,60,1.2682529898707855
8829,137,61,1.255275857573902
8830,137,62,1.243986409268843
8831,137,64,1.2262865822727802
8832,138,0,2.800975168088482
8833,138,1,2.7688998950939
8834,138,2,2.734763620860295
8835,138,3,2.6991847256760835
8836,138,4,2.6628137380735697
8837,138,5,2.626323318990712
8838,138,6,1.374192358968413
8839,138,7,1.3343088717269065
8840,138,8,1.2951728749594078
8841,138,9,1.2571898613870658
8842,138,10,1.2207803212886792
8843,138,11,1.1863719734487481
8844,138,12,1.1543909957500653
8845,138,13,1.1252524934076475
8846,138,14,1.0993504804715344
8847,138,15,1.0770476789161487
8848,138,16,1.0586654582044657
8849,138,17,1.0444742458372547
8850,138,18,1.0346847356240065
8851,138,19,1.0294402051957166
8852,138,20,1.0288102279776437
8853,138,21,1.0327860282031662
8854,138,22,1.0412776816985803
8855,138,23,1.0541133115556036
8856,138,24,1.071040368169203
8857,138,25,2.169705482746773
8858,138,26,2.1721794867059225
8859,138,27,2.1735385168582915
8860,138,28,2.1734200000468222
8861,138,29,2.1715014948870257
8862,138,30,2.167511589581788
8863,138,31,2.161238822232727
8864,138,32,2.1525384087876374
8865,138,33,2.1413366551577617
8866,138,34,2.1276330212814054
8867,138,35,2.1114998921475108
8868,138,36,2.0930801905212277
8869,138,37,2.07258303533057
8870,138,38,2.0502777059969675
8871,138,39,2.0264862147488416
8872,138,40,2.0015748152310895
8873,138,41,1.9759447863707875
8874,138,42,1.950022826082876
8875,138,43,1.9242513712868574
8876,138,44,1.8990791307370447
8877,138,45,1.8749520776987858
8878,138,46,1.8523051032202678
8879,138,47,1.831554480526402
8880,138,48,1.8130912397982504
8881,138,49,1.7972755030742293
8882,138,50,1.7844317837285484
8883,138,51,1.7748452160701416
8884,138,52,1.7687586496972783
8885,138,53,1.7663705214174557
8886,138,54,1.7678334052826101
8887,138,55,1.7732531384793113
8888,138,56,1.7826884267633623
8889,138,57,1.3061392622876848
8890,138,58,1.2889895014457733
8891,138,59,1.273230400204882
8892,138,60,1.2589866474260922
8893,138,61,1.2463263463638716
8894,138,62,1.2352635465326283
8895,138,64,1.2177435238594128
8896,139,0,2.786061103245635
8897,139,1,2.752878981653682
8898,139,2,2.717564074826148
8899,139,3,2.6807432066762704
8900,139,4,2.6430775514465874
8901,139,5,2.6052525414321708
8902,139,6,1.3614523592905374
8903,139,7,1.3221853388538218
8904,139,8,1.2837090079665974
8905,139,9,1.246420022278963
8906,139,10,1.2107286385032425
8907,139,11,1.177051087597721
8908,139,12,1.1458009991851226
8909,139,13,1.1173801116402085
8910,139,14,1.0921685380908466
8911,139,15,1.0705148855720017
8912,139,16,1.0527265416362754
8913,139,17,1.0390604490866049
8914,139,18,1.0297146847597456
8915,139,19,1.0248211424472025
8916,139,20,1.0244395934806623
8917,139,21,1.0285533620004643
8918,139,22,1.03706680659394
8919,139,23,1.0498047472796104
8920,139,24,1.0665139184374035
8921,139,25,2.163974934838768
8922,139,26,2.167685423865245
8923,139,27,2.170368320411304
8924,139,28,2.1716433367151646
8925,139,29,2.171169316018688
8926,139,30,2.1686555372391485
8927,139,31,2.1638710497087095
8928,139,32,2.1566518107562413
8929,139,33,2.146905490764271
8930,139,34,2.1346139024776885
8931,139,35,2.119833099868658
8932,139,36,2.102691273207612
8933,139,37,2.083384638074197
8934,139,38,2.0621715743966638
8935,139,39,2.039365315468676
8936,139,40,2.015325515251902
8937,139,41,1.990449034898986
8938,139,42,1.9651602868463993
8939,139,43,1.939901458248344
8940,139,44,1.9151229067768059
8941,139,45,1.8912739832142416
8942,139,46,1.8687944894828057
8943,139,47,1.8481069306577207
8944,139,48,1.8296096680189984
8945,139,49,1.8136710301142065
8946,139,50,1.8006243926938867
8947,139,51,1.7907641984229534
8948,139,52,1.7843428551700953
8949,139,53,1.781568428585065
8950,139,54,1.7826030311488519
8951,139,55,1.7875618058790066
8952,139,56,1.796512407767554
8953,139,57,1.295964480723126
8954,139,58,1.2793459612521254
8955,139,59,1.26404478117339
8956,139,60,1.250176487035525
8957,139,61,1.2378026410339253
8958,139,62,1.2269334801664409
8959,139,64,1.209520869084829
8960,140,0,2.76956351229823
8961,140,1,2.735226472850989
8962,140,2,2.6986955210912997
8963,140,3,2.660606105088677
8964,140,4,2.621630067117528
8965,140,5,2.582465473935139
8966,140,6,1.3491397923647719
8967,140,7,1.310505398187687
8968,140,8,1.272706861931536
8969,140,9,1.236131974279113
8970,140,10,1.20118064318146
8971,140,11,1.1682574132940062
8972,140,12,1.137763091126699
8973,140,13,1.110085706525475
8974,140,14,1.0855910750019975
8975,140,15,1.0646132506513284
8976,140,16,1.0474451748923634
8977,140,17,1.0343298313220854
8978,140,18,1.0254522112470537
8979,140,19,1.0209323779800228
8980,140,20,1.020819891183843
8981,140,21,1.0250898161952782
8982,140,22,1.0336404984976333
8983,140,23,1.0462932317671265
8984,140,24,1.062793890883953
8985,140,25,2.1582545438838663
8986,140,26,2.1631802743197945
8987,140,27,2.1671666408874417
8988,140,28,2.1698163022688752
8989,140,29,2.1707700061676314
8990,140,30,2.1697182828164214
8991,140,31,2.166411178145397
8992,140,32,2.1606657874434734
8993,140,33,2.152371442579418
8994,140,34,2.141492498799188
8995,140,35,2.128068756835646
8996,140,36,2.1122136389303487
8997,140,37,2.094110310221819
8998,140,38,2.0740059972504565
8999,140,39,2.0522048012135397
9000,140,40,2.0290593339783256
9001,140,41,2.0049615194083996
9002,140,42,1.9803329017202147
9003,140,43,1.9556147875127292
9004,140,44,1.931258520573052
9005,140,45,1.9077161508315035
9006,140,46,1.885431713567356
9007,140,47,1.8648332850187248
9008,140,48,1.8463259288580254
9009,140,49,1.830285597398385
9010,140,50,1.817054004501193
9011,140,51,1.8069344462012402
9012,140,52,1.8001885118246777
9013,140,53,1.7970336040705615
9014,140,54,1.797641171790365
9015,140,55,1.8021355540566308
9016,140,56,1.810593338001798
9017,140,57,1.2863742223274957
9018,140,58,1.2702641079870816
9019,140,59,1.255394739742658
9020,140,60,1.2418726518901586
9021,140,61,1.2297530870540403
9022,140,62,1.2190427776235417
9023,140,64,1.2016617762428254
9024,141,0,2.7514714257149806
9025,141,1,2.7159351232873665
9026,141,2,2.6781547147493017
9027,141,3,2.63877440861242
9028,141,4,2.5984766889689097
9029,141,5,2.557972068221323
9030,141,6,1.3373135690417923
9031,141,7,1.2993273063928945
9032,141,8,1.26222383144817
9033,141,9,1.226382045892297
9034,141,10,1.1921914032605594
9035,141,11,1.1600445785973468
9036,141,12,1.1303293010265656
9037,141,13,1.1034195757840002
9038,141,14,1.0796665541664705
9039,141,15,1.0593893332303042
9040,141,16,1.0428659809395837
9041,141,17,1.0303250861731712
9042,141,18,1.0219381262570097
9043,141,19,1.017812927573496
9044,141,20,1.0179884677607898
9045,141,21,1.0224312318556155
9046,141,22,1.0310332905854205
9047,141,23,1.043612218302255
9048,141,24,1.0599129124350617
9049,141,25,2.1525655088612523
9050,141,26,2.1586832346605163
9051,141,27,2.163950382094512
9052,141,28,2.16795323733963
9053,141,29,2.1703150950968193
9054,141,30,2.170708322588247
9055,141,31,2.168864474799189
9056,141,32,2.164582210286047
9057,141,33,2.157732849393951
9058,141,34,2.148263510387793
9059,141,35,2.1361978498130614
9060,141,36,2.1216345176847344
9061,141,37,2.1047435126315333
9062,141,38,2.0857606842687564
9063,141,39,2.0649806778969806
9064,141,40,2.0427486489422755
9065,141,41,2.0194510909626544
9066,141,42,1.995506121909047
9067,141,43,1.9713535597280587
9068,141,44,1.9474450920431343
9069,141,45,1.9242348077872151
9070,141,46,1.9021703139080126
9071,141,47,1.8816846104891878
9072,141,48,1.8631888457713537
9073,141,49,1.8470660214859909
9074,141,50,1.8336656712821964
9075,141,51,1.823299493127532
9076,141,52,1.8162378822364507
9077,141,53,1.8127072856172992
9078,141,54,1.8128882834346247
9079,141,55,1.816914296151844
9080,141,56,1.8248708193526317
9081,141,57,1.2774205082802956
9082,141,58,1.2617943388964294
9083,141,59,1.2473290103881995
9084,141,60,1.2341222037163353
9085,141,61,1.2222230904402078
9086,141,62,1.2116352308468599
9087,141,64,1.1942070175323865
9088,142,0,2.7317827021157064
9089,142,1,2.695006670535841
9090,142,2,2.6559475053434194
9091,142,3,2.615258266114501
9092,142,4,2.573632003194855
9093,142,5,2.531791433700459
9094,142,6,1.3260311771551163
9095,142,7,1.2887079425823715
9096,142,8,1.2523159693610597
9097,142,9,1.2172252493389597
9098,142,10,1.183814685151837
9099,142,11,1.152464914020305
9100,142,12,1.1235503541959493
9101,142,13,1.0974306962944294
9102,142,14,1.0744420915840096
9103,142,15,1.054888310762981
9104,142,16,1.0390321589463751
9105,142,17,1.0270874349052717
9106,142,18,1.0192117148237083
9107,142,19,1.0155002230809727
9108,142,20,1.0159810253095802
9109,142,21,1.020611743041757
9110,142,22,1.0292779457735501
9111,142,23,1.041793326654711
9112,142,24,1.0579017138895201
9113,142,25,2.146928716167258
9114,142,26,2.1542132533068785
9115,142,27,2.1607362603186457
9116,142,28,2.1660683505556544
9117,142,29,2.16981602967783
9118,142,30,2.171634111499306
9119,142,31,2.1712361986244404
9120,142,32,2.1684029661193573
9121,142,33,2.1629880791891605
9122,142,34,2.154921670106879
9123,142,35,2.144211391446238
9124,142,36,2.130941148270753
9125,142,37,2.1152676880377252
9126,142,38,2.097415290880552
9127,142,39,2.0776688526146727
9128,142,40,2.056365687002554
9129,142,41,2.033886392024474
9130,142,42,2.010645127421153
9131,142,43,1.9870796386145262
9132,142,44,1.963641336934161
9133,142,45,1.940785710075641
9134,142,46,1.9189632924948234
9135,142,47,1.8986113758550336
9136,142,48,1.880146587648735
9137,142,49,1.863958414609149
9138,142,50,1.8504036992020763
9139,142,51,1.8398020946952216
9140,142,52,1.8324324289410854
9141,142,53,1.8285299004432367
9142,142,54,1.828284013277135
9143,142,55,1.8318371501681707
9144,142,56,1.839283685055027
9145,142,57,1.2691515157137414
9146,142,58,1.2539832857609599
9147,142,59,1.2398926645324646
9148,142,60,1.226968667500831
9149,142,61,1.215254670349764
9150,142,62,1.2047514176264806
9151,142,64,1.1871945599322955
9152,143,0,2.710504157970012
9153,143,1,2.6724519515100136
9154,143,2,2.632088938951531
9155,143,3,2.5900770746480317
9156,143,4,2.547119849650839
9157,143,5,2.5039518927355173
9158,143,6,1.3153482354665758
9159,143,7,1.278702362586177
9160,143,8,1.2430375423349551
9161,143,9,1.2087148384907982
9162,143,10,1.1761025151678774
9163,143,11,1.1455690186042538
9164,143,12,1.1174752436884292
9165,143,13,1.0921663029110782
9166,143,14,1.0699630431111018
9167,143,15,1.0511535748750425
9168,143,16,1.0359850899057443
9169,143,17,1.02465624257949
9170,143,18,1.0173103630790763
9171,143,19,1.014029751089737
9172,143,20,1.0148312715848171
9173,143,21,1.019663438544687
9174,143,22,1.0284051296800265
9175,143,23,1.0408660267628438
9176,143,24,1.0567888236103125
9177,143,25,2.1413646195850706
9178,143,26,2.1497889131457812
9179,143,27,2.1575406911623953
9180,143,28,2.1641756110913337
9181,143,29,2.169284073634105
9182,143,30,2.1725039715406655
9183,143,31,2.173531518667646
9184,143,32,2.1721298869078405
9185,143,33,2.1681354714442973
9186,143,34,2.1614616995787115
9187,143,35,2.152100391084074
9188,143,36,2.1401207648503893
9189,143,37,2.125666264177828
9190,143,38,2.108949438643635
9191,143,39,2.0902451719254938
9192,143,40,2.069882580953018
9193,143,41,2.0482359317125765
9194,143,42,2.0257149211588494
9195,143,43,2.0027546639358103
9196,143,44,1.9798056985847994
9197,143,45,1.9573242927744792
9198,143,46,1.9357632834035763
9199,143,47,1.915563638052109
9200,143,48,1.8971468721561848
9201,143,49,1.8809084043793245
9202,143,50,1.8672118836818996
9203,143,51,1.8563844779533654
9204,143,52,1.848713077730364
9205,143,53,1.844441340907578
9206,143,54,1.8437674862986848
9207,143,55,1.846842735650478
9208,143,56,1.853770304879202
9209,143,57,1.2616111280949223
9210,143,58,1.2468733694416225
9211,143,59,1.2331266703840726
9212,143,60,1.2204515976199288
9213,143,61,1.2088860323464108
9214,143,62,1.1984282826865582
9215,143,64,1.1806591633206367
9216,144,0,2.6876516511572133
9217,144,1,2.6482909723806616
9218,144,2,2.606603313701897
9219,144,3,2.563259519987635
9220,144,4,2.5189733470132833
9221,144,5,2.4744909902176833
9222,144,6,1.305318046498728
9223,144,7,1.2693633511787734
9224,144,8,1.2344405835613321
9225,144,9,1.200901863231802
9226,144,10,1.1691047367755387
9227,144,11,1.139405321333145
9228,144,12,1.1121507971424527
9229,144,13,1.08767146196946
9230,144,14,1.0662725857975686
9231,144,15,1.0482263216019676
9232,144,16,1.0337639367186435
9233,144,17,1.0230686287714041
9234,144,18,1.0162691802207473
9235,144,19,1.0134346865561712
9236,144,20,1.014570565508413
9237,144,21,1.0196160192614845
9238,144,22,1.028443079630039
9239,144,23,1.040857318912137
9240,144,24,1.0566002582031977
9241,144,25,2.1358931230527527
9242,144,26,2.145428316877336
9243,144,27,2.1543796790198266
9244,144,28,2.1622886438072983
9245,144,29,2.1687302098527437
9246,144,30,2.173326002698222
9247,144,31,2.175755435063015
9248,144,32,2.1757646821315397
9249,144,33,2.173173282179661
9250,144,34,2.1678782680602646
9251,144,35,2.1598558285641887
9252,144,36,2.1491605866097867
9253,144,37,2.1359226601817993
9254,144,38,2.120342739087091
9255,144,39,2.102685463741889
9256,144,40,2.0832714299199147
9257,144,41,2.062468165025599
9258,144,42,2.0406804271467336
9259,144,43,2.0183401687662497
9260,144,44,1.9958964841231959
9261,144,45,1.973805824923912
9262,144,46,1.9525227259676226
9263,144,47,1.932491233107645
9264,144,48,1.9141371737941755
9265,144,49,1.8978613581856996
9266,144,50,1.8840337492440846
9267,144,51,1.8729885957976131
9268,144,52,1.8650204852871335
9269,144,53,1.8603812442979637
9270,144,54,1.8592775959325785
9271,144,55,1.86186947389004
9272,144,56,1.868268893472024
9273,144,57,1.2548385129591393
9274,144,58,1.2405023816812877
9275,144,59,1.2270674797304748
9276,144,60,1.214606170405129
9277,144,61,1.203151167369293
9278,144,62,1.1926987435287764
9279,144,64,1.1746320008295748
9280,145,0,2.66325011773053
9281,145,1,2.6225529314254556
9282,145,2,2.579524188152031
9283,145,3,2.534843570164206
9284,145,4,2.4892348712837364
9285,145,5,2.4434554570402858
9286,145,6,1.295991152318448
9287,145,7,1.2607409763240278
9288,145,8,1.2265744466493809
9289,145,9,1.193834724273425
9290,145,10,1.1628685676768011
9291,145,11,1.1340196418523352
9292,145,12,1.1076212425074785
9293,145,13,1.0839886433520602
9294,145,14,1.063411297553637
9295,145,15,1.0461451398162842
9296,145,16,1.0324052424076122
9297,145,17,1.0223590764377695
9298,145,18,1.0161206187158496
9299,145,19,1.0137455248292075
9300,145,20,1.0152275612798496
9301,145,21,1.0204964544353143
9302,145,22,1.029417272840952
9303,145,23,1.0417914134547923
9304,145,24,1.0573592131422667
9305,145,25,2.1305334669620657
9306,145,26,2.141148975816302
9307,145,27,2.1512687099432988
9308,145,28,2.160420627730902
9309,145,29,2.168165045999355
9310,145,30,2.1741079971816126
9311,145,31,2.1779127033011534
9312,145,32,2.1793088744535583
9313,145,33,2.1780996323029647
9314,145,34,2.174165954658246
9315,145,35,2.1674686313851743
9316,145,36,2.158047810866269
9317,145,37,2.1460202964715624
9318,145,38,2.13157482113312
9319,145,39,2.1149655828698437
9320,145,40,2.096504363476194
9321,145,41,2.0765515758434376
9322,145,42,2.05550659258659
9323,145,43,2.0337977006184813
9324,145,44,2.0118720045392875
9325,145,45,1.990185568269809
9326,145,46,1.9691940417754314
9327,145,47,1.9493439708369424
9328,145,48,1.9310649356050102
9329,145,49,1.9147626110981872
9330,145,50,1.9008127926769811
9331,145,51,1.8895563843518315
9332,145,52,1.8812953096385034
9333,145,53,1.8762892751188873
9334,145,54,1.8747532968718477
9335,145,55,1.876855889865129
9336,145,56,1.8827178199881065
9337,145,57,1.2488677318038113
9338,145,58,1.2349030990046463
9339,145,59,1.2217466465482505
9340,145,60,1.2094628080235954
9341,145,61,1.1980794812902638
9342,145,62,1.1875913259155855
9343,145,64,1.1691403063003531
9344,146,0,2.6373335614793616
9345,146,1,2.5952761944476492
9346,146,2,2.550894342211514
9347,146,3,2.5048764217271704
9348,146,4,2.4579559874146835
9349,146,5,2.4109011272985095
9350,146,6,1.2874148974166093
9351,146,7,1.252882149590652
9352,146,8,1.2194853648542883
9353,146,9,1.1875587325684576
9354,146,10,1.1574381608446906
9355,146,11,1.1294547545928115
9356,146,12,1.1039277767175752
9357,146,13,1.08115729513196
9358,146,14,1.0614167391095046
9359,146,15,1.04494560174146
9360,146,16,1.031942530285631
9361,146,17,1.0225590426763034
9362,146,18,1.0168940964000366
9363,146,19,1.0149897156308454
9364,146,20,1.0168278545609986
9365,146,21,1.0223286401397997
9366,146,22,1.0313500970713787
9367,146,23,1.04368941326153
9368,146,24,1.0590857564437985
9369,146,25,2.125304118706299
9370,146,26,2.1369677028817944
9371,146,27,2.1482226486383116
9372,146,28,2.158584198606539
9373,146,29,2.167598724147655
9374,146,30,2.17485735761684
9375,146,31,2.1800077624149767
9376,146,32,2.1827637392630446
9377,146,33,2.1829124597940694
9378,146,34,2.1803192143492005
9379,146,35,2.1749296556534716
9380,146,36,2.166769609920838
9381,146,37,2.155942608376168
9382,146,38,2.1426253622019704
9383,146,39,2.1270614601938056
9384,146,40,2.1095536093542426
9385,146,41,2.090454763468943
9386,146,42,2.0701584933797887
9387,146,43,2.049088945947554
9388,146,44,2.0276907180210864
9389,146,45,2.0064189391337344
9390,146,46,1.9857298146299613
9391,146,47,1.9660718323063797
9392,146,48,1.9478777834181251
9393,146,49,1.931557696045001
9394,146,50,1.9174927281742415
9395,146,51,1.9060300219875077
9396,146,52,1.8974784818722281
9397,146,53,1.8921054082315796
9398,146,54,1.8901338982800877
9399,146,55,1.8917409141031485
9400,146,56,1.8970559171285957
9401,146,57,1.2437273867385497
9402,146,58,1.230102933341795
9403,146,59,1.2171904820790223
9404,146,60,1.2050468383370085
9405,146,61,1.1936954597327727
9406,146,62,1.1831298336715055
9407,146,64,1.1642070535158728
9408,147,0,2.6099449961371946
9409,147,1,2.5665082226525833
9410,147,2,2.520765690540963
9411,147,3,2.4734143987110424
9412,147,4,2.425197334078898
9413,147,5,2.376892809281737
9414,147,6,1.2796330028678817
9415,147,7,1.2458301969429888
9416,147,8,1.2132160198597943
9417,147,9,1.1821156775429853
9418,147,10,1.1528541737258073
9419,147,11,1.1257499604938337
9420,147,12,1.1011081414760384
9421,147,13,1.0792134249177088
9422,147,14,1.060323042340084
9423,147,15,1.0446598595644736
9424,147,16,1.0324059100224556
9425,147,17,1.023696575242893
9426,147,18,1.0186156242512432
9427,147,19,1.0171913026828943
9428,147,20,1.019393634330237
9429,147,21,1.0251330635057478
9430,147,22,1.034260527134913
9431,147,23,1.0465690022098983
9432,147,24,2.1077333609056557
9433,147,25,2.1202226681757734
9434,147,26,2.1329005104861594
9435,147,27,2.1452556402989007
9436,147,28,2.1567913562190575
9437,147,29,2.167040835107033
9438,147,30,2.175581019855005
9439,147,31,2.182044667693918
9440,147,32,2.186130248653069
9441,147,33,2.1876094762257843
9442,147,34,2.18633234823124
9443,147,35,2.182229671151231
9444,147,36,2.1753131319139505
9445,147,37,2.1656730636242485
9446,147,38,2.153474123058348
9447,147,39,2.138949155455713
9448,147,40,2.122391564591699
9449,147,41,2.1041465324258897
9450,147,42,2.0846014427110564
9451,147,43,2.0641758575011093
9452,147,44,2.043311375899016
9453,147,45,2.0224616726280846
9454,147,46,2.002082972563416
9455,147,47,1.9826251690334677
9456,147,48,1.9645237414841028
9457,147,49,1.948192574999761
9458,147,50,1.9340177330731692
9459,147,51,1.922352188500218
9460,147,52,1.9135114775375657
9461,147,53,1.9077702111763166
9462,147,54,1.9053593556551318
9463,147,55,1.906464182640938
9464,147,56,1.911222787701537
9465,147,57,1.2394403082170635
9466,147,58,1.2261236237280928
9467,147,59,1.21341975074494
9468,147,60,1.2013781951293883
9469,147,61,1.1900183725557274
9470,147,62,1.1793330572157974
9471,147,64,1.159850671639611
9472,148,0,2.5811363403378507
9473,148,1,2.5363054531253564
9474,148,2,2.489199148612022
9475,148,3,2.44052280453295
9476,148,4,2.391028461850253
9477,148,5,2.341504110566485
9478,148,6,1.272685155951114
9479,148,7,1.2396244441215043
9480,148,8,1.2078051243533414
9481,148,9,1.177543408397952
9482,148,10,1.1491533498627484
9483,148,11,1.1229406705672522
9484,148,12,1.0991962103723978
9485,148,13,1.078189192086966
9486,148,14,1.0601605090971664
9487,148,15,1.0453162522330852
9488,148,16,1.0338216936281333
9489,148,17,1.025795938770584
9490,148,18,1.0213074436994423
9491,148,19,1.0203705727516277
9492,148,20,1.0229433440832956
9493,148,21,1.0289264762702457
9494,148,22,1.0381638107597588
9495,148,23,1.0504441430919247
9496,148,24,2.10193160040799
9497,148,25,2.1153057288749952
9498,148,26,2.128962514006872
9499,148,27,2.142381017966616
9500,148,28,2.155053377161737
9501,148,29,2.16650033809724
9502,148,30,2.1762853810133747
9503,148,31,2.1840270284991856
9504,148,32,2.189409020352579
9505,148,33,2.1921881280765474
9506,148,34,2.192199478390492
9507,148,35,2.189359350826801
9508,148,36,2.183665505896648
9509,148,37,2.1751951838288472
9510,148,38,2.164100986410827
9511,148,39,2.1506049135302496
9512,148,40,2.1349908698982953
9513,148,41,2.11759598518306
9514,148,42,2.0988011022424753
9515,148,43,2.0790207839415946
9516,148,44,2.0586931705005784
9517,148,45,2.0382699883951974
9518,148,46,2.018206970964033
9519,148,47,1.9989549028607816
9520,148,48,1.9809514483178838
9521,148,49,1.9646138698865856
9522,148,50,1.9503326927938263
9523,148,51,1.93846632294465
9524,148,52,1.9293365861389673
9525,148,53,1.9232251240003955
9526,148,54,1.920370559592395
9527,148,55,1.9209663332631066
9528,148,56,1.9251591068267828
9529,148,57,1.2360232878524773
9530,148,58,1.222980973104895
9531,148,59,1.210449410947841
9532,148,60,1.198471162764863
9533,148,61,1.1870620220784784
9534,148,62,1.1762145249170421
9535,148,64,1.1560848009818567
9536,149,0,2.550968265677998
9537,149,1,2.504733132307401
9538,149,2,2.4562644518658976
9539,149,3,2.406275727297508
9540,149,4,2.355527625309718
9541,149,5,2.3048172177587003
9542,149,6,1.2666066193639134
9543,149,7,1.234299820793248
9544,149,8,1.2032870226097616
9545,149,9,1.1738754327201597
9546,149,10,1.1463681171877877
9547,149,11,1.121058005553569
9548,149,12,1.0982215915675557
9549,149,13,1.0781125151176063
9550,149,14,1.06095522471814
9551,149,15,1.0469389265555968
9552,149,16,1.0362120254091958
9553,149,17,1.0288772546737057
9554,149,18,1.0249876773749649
9555,149,19,1.024543717925161
9556,149,20,1.0274913561022085
9557,149,21,1.0337215812722598
9558,149,22,1.043071167319019
9559,149,23,1.055324788366192
9560,149,24,2.0963440714000976
9561,149,25,2.110568845305683
9562,149,26,2.1251678414929573
9563,149,27,2.1396112160613256
9564,149,28,2.1533807336831736
9565,149,29,2.1659854863800376
9566,149,30,2.176976233323599
9567,149,31,2.1859579517096956
9568,149,32,2.1926002720868585
9569,149,33,2.196645563244705
9570,149,34,2.19791452771826
9571,149,35,2.196309264961647
9572,149,36,2.191813851280848
9573,149,37,2.1844925700314217
9574,149,38,2.174485999227756
9575,149,39,2.162005224051223
9576,149,40,2.1473244869854873
9577,149,41,2.130772617429621
9578,149,42,2.112723595423791
9579,149,43,2.0935866011260913
9580,149,44,2.0737958841799666
9581,149,45,2.053800757014775
9582,149,46,2.0340559758406958
9583,149,47,2.015012725413734
9584,149,48,1.9971103715490446
9585,149,49,1.9807690918937249
9586,149,50,1.966383443567892
9587,149,51,1.9543168786221388
9588,149,52,1.9448971771290162
9589,149,53,1.9384127349188613
9590,149,54,1.9351096197045965
9591,149,55,1.9351892962143356
9592,149,56,1.9388069179306278
9593,149,57,1.2334868599420334
9594,149,58,1.2206846338654822
9595,149,59,1.20828840441332
9596,149,60,1.1963341689529703
9597,149,61,1.1848345387412487
9598,149,62,1.1737823009821091
9599,149,64,1.1529180928499758
9600,150,0,2.5195099984975546
9601,150,1,2.471865103122647
9602,150,2,2.4220399286590157
9603,150,3,2.3707557992336423
9604,150,4,2.3187815298344763
9605,150,5,2.266922631673384
9606,150,6,1.2614278640746648
9607,150,7,1.2298864875745052
9608,150,8,1.1996913132328715
9609,150,9,1.1711405365864964
9610,150,10,1.1445262071926185
9611,150,11,1.1201284158818785
9612,150,12,1.098209250252771
9613,150,13,1.0790066982018427
9614,150,14,1.0627286903634183
9615,150,15,1.049547476709245
9616,150,16,1.0395945299459441
9617,150,17,1.0329561587171894
9618,150,18,1.0296699971978454
9619,150,19,1.0297225149404534
9620,150,20,1.0330476625175753
9621,150,21,1.0395267355236164
9622,150,22,1.0489895029613954
9623,150,23,1.0612166071838807
9624,150,24,2.0909862233124974
9625,150,25,2.10602640722508
9626,150,26,2.121529550219968
9627,150,27,2.1369576906920824
9628,150,28,2.151783019205073
9629,150,29,2.1655037594132103
9630,150,30,2.177658704315712
9631,150,31,2.1878399912805055
9632,150,32,2.1957037817919414
9633,150,33,2.200978603124241
9634,150,34,2.2034712049644782
9635,150,35,2.203069880216942
9636,150,36,2.199745291782323
9637,150,37,2.193548932322164
9638,150,38,2.1846094186846328
9639,150,39,2.173126884196846
9640,150,40,2.1593657785555203
9641,150,41,2.14364641548422
9642,150,42,2.126335622385223
9643,150,43,2.107836844392631
9644,150,44,2.088580038754278
9645,150,45,2.0690116661950615
9646,150,46,2.049585046226675
9647,150,47,2.030751296032513
9648,150,48,2.01295102056258
9649,150,49,1.9966068678774
9650,150,50,1.9821170115431155
9651,150,51,1.969849573717649
9652,150,52,1.9601379608162282
9653,150,53,1.9532770501507255
9654,150,54,1.9495201419767427
9655,150,55,1.9490765776102517
9656,150,56,1.952109920710737
9657,150,57,1.2318351349032783
9658,150,58,1.2192379453612237
9659,150,59,1.2069394973083143
9660,150,60,1.1949696288652634
9661,150,61,1.1833382274625273
9662,150,62,1.1720388331622662
9663,150,64,1.1503540568219575
9664,151,0,2.486839076240477
9665,151,1,2.437783546653974
9666,151,2,2.3866122279325275
9667,151,3,2.334053911233164
9668,151,4,2.28088503406937
9669,151,5,2.227918858975853
9670,151,6,1.2571742297216693
9671,151,7,1.2264094899061044
9672,151,8,1.1970424980935066
9673,151,9,1.1693624302444738
9674,151,10,1.1436502990876853
9675,151,11,1.1201733260631608
9676,151,12,1.0991791550132772
9677,151,13,1.080890081261077
9678,151,14,1.065497478273243
9679,151,15,1.0531566062075142
9680,151,16,1.0439819820883722
9681,151,17,1.038043480184632
9682,151,18,1.0353633136677722
9683,151,19,1.0359140253371055
9684,151,20,1.0396175868519295
9685,151,21,1.046345673448638
9686,151,22,1.0559211456374942
9687,151,23,1.0681207320841217
9688,151,24,2.08587219760788
9689,151,25,2.1016915713494786
9690,151,26,2.118059550665225
9691,151,27,2.134430847311393
9692,151,28,2.150268881055823
9693,151,29,2.1650618020432804
9694,151,30,2.1783372038158215
9695,151,31,2.189675104343675
9696,151,32,2.198718854055652
9697,151,33,2.2051837205486278
9698,151,34,2.208862995259865
9699,151,35,2.2096315637103445
9700,151,36,2.207446973918036
9701,151,37,2.202348123503288
9702,151,38,2.1944517616092134
9703,151,39,2.1839470643953818
9704,151,40,2.171088590602975
9705,151,41,2.1561879553798753
9706,151,42,2.1396045758422533
9707,151,43,2.1217358411693636
9708,151,44,2.1030070445499427
9709,151,45,2.0838613858401356
9710,151,46,2.0647503147061275
9711,151,47,2.046124437056504
9712,151,48,2.028425155707683
9713,151,49,2.0120771625378113
9714,151,50,1.9974818468560105
9715,151,51,1.9850116360965737
9716,151,52,1.975005242623683
9717,151,53,1.9677637563006463
9718,151,54,1.9635474978695067
9719,151,55,1.962573533812827
9720,151,56,1.965013749300085
9721,151,57,1.2310656873555978
9722,151,58,1.2186378261087756
9723,151,59,1.2063991758826422
9724,151,60,1.1943738433669933
9725,151,61,1.1825694674751852
9726,151,62,1.1709808530817745
9727,151,64,1.1483909583160423
9728,152,0,2.453041059504881
9729,152,1,2.402578679516318
9730,152,2,2.3500760027862104
9731,152,3,2.2962688837018086
9732,152,4,2.2419408093168443
9733,152,5,2.1879120615408345
9734,152,6,1.2538656162930293
9735,152,7,1.2238884425968226
9736,152,8,1.1953596613478954
9737,152,9,1.168559423307195
9738,152,10,1.1437576929286564
9739,152,11,1.121208807518739
9740,152,12,1.1011459521074167
9741,152,13,1.0837757173664064
9742,152,14,1.06927291392824
9743,152,15,1.0577758162763757
9744,152,16,1.0493820028733858
9745,152,17,1.0441449464886088
9746,152,18,1.0420714901284853
9747,152,19,1.043120320133077
9748,152,20,1.0472015196531632
9749,152,21,1.0541772538092844
9750,152,22,1.0638636034423719
9751,152,23,1.076033528680558
9752,152,24,2.081014756548831
9753,152,25,2.0975761910286623
9754,152,26,2.114768538427939
9755,152,27,2.132039976226659
9756,152,28,2.148845960912955
9757,152,29,2.1646653711997335
9758,152,30,2.179015378180576
9759,152,31,2.1914646142257395
9760,152,32,2.201644293101815
9761,152,33,2.209257023853362
9762,152,34,2.2140831562836225
9763,152,35,2.215984592218954
9764,152,36,2.214906090066565
9765,152,37,2.2108741767110796
9766,152,38,2.20399385724238
9767,152,39,2.194443376667404
9768,152,40,2.1824673366402543
9769,152,41,2.168368503129206
9770,152,42,2.152498657408933
9771,152,43,2.1352488431949213
9772,152,44,2.117039348240438
9773,152,45,2.098309731068968
9774,152,46,2.0795091650363537
9775,152,47,2.0610873253353894
9776,152,48,2.0434859928545595
9777,152,49,2.0271314950588266
9778,152,50,2.0124280512822494
9779,152,51,1.9997520407959082
9780,152,52,1.9894471691659792
9781,152,53,1.981820473695087
9782,152,54,1.9771390835305278
9783,152,55,1.9756276350898538
9784,152,56,1.9774662389194706
9785,152,57,1.2311695010728658
9786,152,58,1.218874722924427
9787,152,59,1.2066575988657418
9788,152,60,1.1945369536059978
9789,152,61,1.1825186679011046
9790,152,62,1.1705993314741154
9791,152,64,1.1470217688183724
9792,153,0,2.4182092011321563
9793,153,1,2.3663484083126454
9794,153,2,2.3125335513753122
9795,153,3,2.2575070951686014
9796,153,4,2.202058957312861
9797,153,5,2.147015665012156
9798,153,6,1.2515162106036637
9799,153,7,1.222337248643274
9800,153,8,1.1946561822228092
9801,153,9,1.1687441332125017
9802,153,10,1.1448600155076984
9803,153,11,1.1232452836738687
9804,153,12,1.1041186715078333
9805,153,13,1.0876710814124293
9806,153,14,1.0740607889474554
9807,153,15,1.0634091244449153
9808,153,16,1.0557967851271357
9809,153,17,1.051260916933154
9810,153,18,1.049793085651668
9811,153,19,1.0513382325929876
9812,153,20,1.05579468170626
9813,153,21,1.0630152337152963
9814,153,22,1.0728093495802387
9815,153,23,1.084946391548332
9816,153,24,2.0764252203719136
9817,153,25,2.0936907543685046
9818,153,26,2.1116659345674753
9819,153,27,2.1297931964286776
9820,153,28,2.1475208433917263
9821,153,29,2.1643192904961635
9822,153,30,2.17969607213301
9823,153,31,2.1932091806969813
9824,153,32,2.204478382575146
9825,153,33,2.2131942472492945
9826,153,34,2.2191247201961866
9827,153,35,2.222119166548782
9828,153,36,2.2221099060468745
9829,153,37,2.2191113468618235
9830,153,38,2.2132169030854154
9831,153,39,2.2045939452774466
9832,153,40,2.193477083419356
9833,153,41,2.1801601156403305
9834,153,42,2.1649869936873487
9835,153,43,2.148342157615276
9836,153,44,2.1306405786394804
9837,153,45,2.112317822251561
9838,153,46,2.093820405835478
9839,153,47,2.075596678844961
9840,153,48,2.058088402090684
9841,153,49,2.041723148921895
9842,153,50,2.0269075981009266
9843,153,51,2.0140217387789057
9844,153,52,2.003413964654475
9845,153,53,1.9953969991322147
9846,153,54,1.9902445675312037
9847,153,55,1.9881887169437342
9848,153,56,1.989417679381156
9849,153,57,1.2321309724900242
9850,153,58,1.2199326186618022
9851,153,59,1.2076986082949306
9852,153,60,1.1954429536431002
9853,153,61,1.1831702807653497
9854,153,62,1.1708794900532693
9855,153,64,1.1462341705808425
9856,154,0,2.3824440739182906
9857,154,1,2.3291979427917995
9858,154,2,2.2740944167798647
9859,154,3,2.21788207032761
9860,154,4,2.1613565880805607
9861,154,5,2.105349928265232
9862,154,6,1.250134250829034
9863,154,7,1.2217638556870045
9864,154,8,1.1949394850150044
9865,154,9,1.169923230465411
9866,154,10,1.1469629625845927
9867,154,11,1.126287270931341
9868,154,12,1.1081004683434421
9869,154,13,1.0925778136910407
9870,154,14,1.079861108363208
9871,154,15,1.070054816967713
9872,154,16,1.0632228523341958
9873,154,17,1.0593861491618886
9874,154,18,1.0585211300142903
9875,154,19,1.0605591424934513
9876,154,20,1.0653869181498876
9877,154,21,1.0728480729610503
9878,154,22,1.0827456371028872
9879,154,23,1.0948455693690764
9880,154,24,2.072113413290779
9881,154,25,2.090044331226394
9882,154,26,2.1087598347775747
9883,154,27,2.127697408139304
9884,154,28,2.1462990131573925
9885,154,29,2.164027413082732
9886,154,30,2.1803812985026636
9887,154,31,2.1949087777058165
9888,154,32,2.2072188723229504
9889,154,33,2.216990747638519
9890,154,34,2.2239805013978393
9891,154,35,2.2280254310546495
9892,154,36,2.22904579311722
9893,154,37,2.2270441557366887
9894,154,38,2.222102523558383
9895,154,39,2.214377479326453
9896,154,40,2.2040936376860905
9897,154,41,2.1915357417232424
9898,154,42,2.1770397514765203
9899,154,43,2.16098327620458
9900,154,44,2.1437756896030944
9901,154,45,2.1258482411240496
9902,154,46,2.107644439309361
9903,154,47,2.089610937297764
9904,154,48,2.072189099368045
9905,154,49,2.0558073736330633
9906,154,50,2.040874542845596
9907,154,51,2.027773875567377
9908,154,52,2.016858156194126
9909,154,53,2.0084455365663376
9910,154,54,2.0028161256160417
9911,154,55,2.0002092175720665
9912,154,56,2.0008210538908853
9913,154,57,1.2339279738741356
9914,154,58,1.2217890996494938
9915,154,59,1.209499799866573
9916,154,60,1.1970697622199096
9917,154,61,1.1845028725610942
9918,154,62,1.1718008711581622
9919,154,64,1.146010617018544
9920,155,0,2.345853158755634
9921,155,1,2.2912393695514277
9922,155,2,2.234874947718432
9923,155,3,2.1775140294057493
9924,155,4,2.1199573597695247
9925,155,5,2.0630414756860675
9926,155,6,1.2497218320609136
9927,155,7,1.2221700531833366
9928,155,8,1.1962108294740252
9929,155,9,1.172097223912013
9930,155,10,1.150066080768947
9931,155,11,1.1303331588832743
9932,155,12,1.113088403130972
9933,155,13,1.0984915017687051
9934,155,14,1.086667875675421
9935,155,15,1.0777052384660282
9936,155,16,1.07165085413109
9937,155,17,1.068509601607016
9938,155,18,1.0682429340307218
9939,155,19,1.0707687950827314
9940,155,20,1.0759625266222859
9941,155,21,1.0836587717334416
9942,155,22,1.0936543463801718
9943,155,23,1.1057120222019177
9944,155,24,2.0680876186979975
9945,155,25,2.086644529447847
9946,155,26,2.1060569677552277
9947,155,27,2.125758254418977
9948,155,28,2.145184820875727
9949,155,29,2.1637925930303488
9950,155,30,2.181072216108443
9951,155,31,2.19656267878747
9952,155,32,2.2098629723065013
9953,155,33,2.220641507942932
9954,155,34,2.228643110114605
9955,155,35,2.233693498237909
9956,155,36,2.235701264242922
9957,155,37,2.234657440471807
9958,155,38,2.230632831150209
9959,155,39,2.2237733468777305
9960,155,40,2.214293633470064
9961,155,41,2.2024693226000087
9962,155,42,2.1886282514244457
9963,155,43,2.1731410019452237
9964,155,44,2.1564110991893592
9965,155,45,2.1388651820480744
9966,155,46,2.1209434240033036
9967,155,47,2.1030904356589084
9968,155,48,2.0857468299417987
9969,155,49,2.0693415771396486
9970,155,50,2.0542852236613864
9971,155,51,2.0409639984209655
9972,155,52,2.029734786598973
9973,155,53,2.020920914319907
9974,155,54,2.0148086610320965
9975,155,55,2.0116444000108156
9976,155,56,2.0116322616913664
9977,155,57,1.2365319766747773
9978,155,58,1.224415483322083
9979,155,59,1.2120326532927257
9980,155,60,1.1993893541474239
9981,155,61,1.1864892548620785
9982,155,62,1.1733374656938853
9983,155,64,1.146328449426688
9984,156,0,2.3085503952285515
9985,156,1,2.2525911883436724
9986,156,2,2.194997822191042
9987,156,3,2.1365294009605726
9988,156,4,2.077990982595032
9989,156,5,2.020222794382584
9990,156,6,1.2502747555215266
9991,156,7,1.223551313034198
9992,156,8,1.198465144421762
9993,156,9,1.1752602889838213
9994,156,10,1.15416259206211
9995,156,11,1.1353750328229626
9996,156,12,1.1190732638950063
9997,156,13,1.1054015037871134
9998,156,14,1.094468918810808
9999,156,15,1.0863466219038187
10000,156,16,1.0810654015169803
10001,156,17,1.0786142749958691
10002,156,18,1.0789399382485576
10003,156,19,1.0819471576854942
10004,156,20,1.08750012232004
10005,156,21,1.0954247444995249
10006,156,22,1.105511868030192
10007,156,23,1.1175213135221167
10008,156,24,2.064354543879024
10009,156,25,2.0834974606530596
10010,156,26,2.103562663060553
10011,156,27,2.123980092110433
10012,156,28,2.144181458250499
10013,156,29,2.1636166654603723
10014,156,30,2.181769115956092
10015,156,31,2.1981694502701528
10016,156,32,2.212407353710422
10017,156,33,2.2241411469530843
10018,156,34,2.2331049717531415
10019,156,35,2.23911347829322
10020,156,36,2.2420640144297934
10021,156,37,2.241936405172627
10022,156,38,2.238790489699364
10023,156,39,2.2327616501733925
10024,156,40,2.224054619384634
10025,156,41,2.212935891310181
10026,156,42,2.1997250794325622
10027,156,43,2.1847855721958847
10028,156,44,2.1685148242265426
10029,156,45,2.1513345974902487
10030,156,46,2.133681430583494
10031,156,47,2.115997569505834
10032,156,48,2.0987225424783986
10033,156,49,2.0822855077599267
10034,156,50,2.0670984500434737
10035,156,51,2.0535502507977297
10036,156,52,2.042001613427311
10037,156,53,2.032780787498685
10038,156,54,2.0261800090968696
10039,156,55,2.022452557609711
10040,156,56,2.0218103231966063
10041,156,57,1.239908234955903
10042,156,58,1.2277770059176438
10043,156,59,1.215262722519701
10044,156,60,1.2023679511686285
10045,156,61,1.189096673846934
10046,156,62,1.1754578992602804
10047,156,64,1.147160070007676
10048,157,0,2.270655696890556
10049,157,1,2.2133778132447124
10050,157,2,2.1545915363377874
10051,157,3,2.09506030041113
10052,157,4,2.035592689187556
10053,157,5,1.9770316986355945
10054,157,6,1.251782423711369
10055,157,7,1.2258966760816508
10056,157,8,1.2016909071120463
10057,157,9,1.179400141506972
10058,157,10,1.1592392637282614
10059,157,11,1.1413985412852372
10060,157,12,1.126039432947759
10061,157,13,1.1132908159854253
10062,157,14,1.103245759796708
10063,157,15,1.0959589617052812
10064,157,16,1.0914449445712553
10065,157,17,1.0896770956750412
10066,157,18,1.0905876027267658
10067,157,19,1.0940683166193854
10068,157,20,1.099972542575445
10069,157,21,1.1081177326107203
10070,157,22,1.118289023770449
10071,157,23,1.1302435394077228
10072,157,24,2.0609192944923045
10073,157,25,2.0806077158195073
10074,157,26,2.1012808286988447
10075,157,27,2.1223659723278305
10076,157,28,2.1432909423284237
10077,157,29,2.1635004355650196
10078,157,30,2.182471415853858
10079,157,31,2.1997269523348124
10080,157,32,2.214848157253098
10081,157,33,2.227483935642319
10082,157,34,2.237358351907083
10083,157,35,2.2442755134203667
10084,157,36,2.2481219648695183
10085,157,37,2.2488666753265902
10086,157,38,2.246558779405107
10087,157,39,2.2413233014660534
10088,157,40,2.2333551453860707
10089,157,41,2.2229116703855127
10090,157,42,2.2103041951128573
10091,157,43,2.1958887776759095
10092,157,44,2.1800566094487723
10093,157,45,2.1632243368152038
10094,157,46,2.1458245896801804
10095,157,47,2.128296951207394
10096,157,48,2.1110795527573614
10097,157,49,2.0946014245048667
10098,157,50,2.079275678797365
10099,157,51,2.065493552904882
10100,157,52,2.0536192930210566
10101,157,53,2.043985824377929
10102,157,54,2.0368911247637542
10103,157,55,2.032595201598069
10104,157,56,2.0313175663824596
10105,157,57,1.2440160281880988
10106,157,58,1.231833069484126
10107,157,59,1.2191498850284352
10108,157,60,1.2059662715075274
10109,157,61,1.1922870579563791
10110,157,62,1.1781256757141665
10111,157,64,1.1484731705570803
10112,158,0,2.232294433642411
10113,158,1,2.1737290411404766
10114,158,2,2.1137898609893284
10115,158,3,2.053243976792263
10116,158,4,1.9929026738467597
10117,158,5,1.9336107640768652
10118,158,6,1.2542277833765838
10119,158,7,1.2291886864733077
10120,158,8,1.2058700704522245
10121,158,9,1.1844979592936
10122,158,10,1.1652763257917722
10123,158,11,1.148382810976221
10124,158,12,1.1339648007374572
10125,158,13,1.1221359868853842
10126,158,14,1.112973530608155
10127,158,15,1.1065159324754263
10128,158,16,1.1027616951288985
10129,158,17,1.1016688431796804
10130,158,18,1.103155340288947
10131,158,19,1.1071004167710796
10132,158,20,1.1133467932456693
10133,158,21,1.1217037578543327
10134,158,22,1.131951027351396
10135,158,23,1.143843296960586
10136,158,24,2.0577853590075756
10137,158,25,2.077978350841593
10138,158,26,2.099213938588425
10139,158,27,2.1209176306313613
10140,158,28,2.142514109182066
10141,158,29,2.163443676593615
10142,158,30,2.1831776634806097
10143,158,31,2.20123234791671
10144,158,32,2.217181008635671
10145,158,33,2.23066381982879
10146,158,34,2.2413953868387777
10147,158,35,2.249169816663306
10148,158,36,2.2538633105948715
10149,158,37,2.2554343546458226
10150,158,38,2.253921663133569
10151,158,39,2.2494400989621703
10152,158,40,2.2421748484205994
10153,158,41,2.2323741671559096
10154,158,42,2.2203410365943945
10155,158,43,2.2064240765000074
10156,158,44,2.1910080503735405
10157,158,45,2.174504277510498
10158,158,46,2.1573412308591764
10159,158,47,2.139955555942111
10160,158,48,2.1227836959453152
10161,158,49,2.1062542547352554
10162,158,50,2.0907811761354407
10163,158,51,2.0767577672319666
10164,158,52,2.0645515484265244
10165,158,53,2.0544998756289807
10166,158,54,2.0469062520538994
10167,158,55,2.042037229616909
10168,158,56,2.0401197933236532
10169,158,57,1.2488089620533038
10170,158,58,1.2365375468028297
10171,158,59,1.223648648796543
10172,158,60,1.2101398366728071
10173,158,61,1.1960173222572221
10174,158,62,1.1812994767630727
10175,158,64,1.1502310155101918
10176,159,0,2.1935968838092372
10177,159,1,2.1337794901587133
10178,159,2,2.0727312685618187
10179,159,3,2.011222230396834
10180,159,4,1.9500655033653307
10181,159,5,1.8901067342488795
10182,159,6,1.2575873177673733
10183,159,7,1.2334033754989528
10184,159,8,1.2109780397994967
10185,159,9,1.190528353326826
10186,159,10,1.172247438055498
10187,159,11,1.1563004110549726
10188,159,12,1.1428207287802623
10189,159,13,1.1319070801915214
10190,159,14,1.1236209372631427
10191,159,15,1.1179848554073613
10192,159,16,1.1149815964928291
10193,159,17,1.1145541241104642
10194,159,18,1.1166064952862076
10195,159,19,1.1210056458280064
10196,159,20,1.1275840388625529
10197,159,21,1.1361431188457334
10198,159,22,1.14645748740321
10199,159,23,2.0359507612552017
10200,159,24,2.054954603230156
10201,159,25,2.075610882181152
10202,159,26,2.097363030008568
10203,159,27,2.1196354869566862
10204,159,28,2.141850617009893
10205,159,29,2.163445136808752
10206,159,30,2.1838855478707715
10207,159,31,2.202682119369183
10208,159,32,2.2194010410020963
10209,159,33,2.233674449006555
10210,159,34,2.245208119203399
10211,159,35,2.253786714986814
10212,159,36,2.2592765712967364
10213,159,37,2.26162608393223
10214,159,38,2.260863853550931
10215,159,39,2.257094802349199
10216,159,40,2.2504945363721913
10217,159,41,2.2413022660415503
10218,159,42,2.2298126209783673
10219,159,43,2.2163667025091955
10220,159,44,2.2013427091171014
10221,159,45,2.185146447993484
10222,159,46,2.1682020118303473
10223,159,47,2.15094285662777
10224,159,48,2.1338034664833696
10225,159,49,2.1172117381700564
10226,159,50,2.101582164906551
10227,159,51,2.087309848050724
10228,159,52,2.074765320174941
10229,159,53,2.064290125365472
10230,159,54,2.0561930743415164
10231,159,55,2.050747074219026
10232,159,56,2.048186425900374
10233,159,57,1.254235325290546
10234,159,58,1.2418391422066597
10235,159,59,1.2287085148658345
10236,159,60,1.2148393334439287
10237,159,61,1.2002397274438688
10238,159,62,1.1849335155434286
10239,159,64,1.1523927774060807
10240,160,0,2.1546976586787565
10241,160,1,2.093668010841127
10242,160,2,2.0315583331110583
10243,160,3,1.9691408041304415
10244,160,4,1.9072295022451902
10245,160,5,1.8466699023545847
10246,160,6,1.261831089223723
10247,160,7,1.238510296063371
10248,160,8,1.2169837006119657
10249,160,9,1.1974593899197123
10250,160,10,1.1801197081061372
10251,160,11,1.1651173683040361
10252,160,12,1.1525720632688263
10253,160,13,1.142567688041235
10254,160,14,1.1351502738284434
10255,160,15,1.1303267140528859
10256,160,16,1.1280643418614167
10257,160,17,1.1282913939861863
10258,160,18,1.13089836951647
10259,160,19,1.1357402647815575
10260,160,20,1.1426396381187836
10261,160,21,1.151390431788869
10262,160,22,1.161762453668198
10263,160,23,2.033049403469984
10264,160,24,2.052427274973043
10265,160,25,2.0735052926538367
10266,160,26,2.0957277110510293
10267,160,27,2.1185186552967052
10268,160,28,2.1412989586206463
10269,160,29,2.1635025553451643
10270,160,30,2.1845919192106598
10271,160,31,2.204072092742584
10272,160,32,2.221502924218637
10273,160,33,2.2365092111069114
10274,160,34,2.2487885387273074
10275,160,35,2.2581166962517054
10276,160,36,2.264350644911953
10277,160,37,2.2674291015215537
10278,160,38,2.2673708805878676
10279,160,39,2.264271207359037
10280,160,40,2.2582962697131177
10281,160,41,2.2496763171846013
10282,160,42,2.238697639748912
10283,160,43,2.2256937671621033
10284,160,44,2.211036222372251
10285,160,45,2.1951251411891133
10286,160,46,2.178380037050988
10287,160,47,2.1612309468941726
10288,160,48,2.1441101446989776
10289,160,49,2.1274445563420836
10290,160,50,2.1116489560456206
10291,160,51,2.097119973965576
10292,160,52,2.0842308990099134
10293,160,53,2.073327223105961
10294,160,54,2.0647228446053165
10295,160,55,2.058696830471814
10296,160,56,2.055490629837382
10297,160,57,1.2602384999981153
10298,160,58,1.2476818056511672
10299,160,59,1.2342743928340456
10300,160,60,1.2200110283383554
10301,160,61,1.2049022907759193
10302,160,62,1.1889779415022608
10303,160,64,1.1549139221914984
10304,161,0,2.1157351024116786
10305,161,1,2.0535370729975444
10306,161,2,1.9904171065074967
10307,161,3,1.927148751548089
10308,161,4,1.8645461152709193
10309,161,5,1.8034534711445696
10310,161,6,1.266922832672852
10311,161,7,1.2444726085078754
10312,161,8,1.223849497781691
10313,161,9,1.2052526647766673
10314,161,10,1.1888537613222045
10315,161,11,1.1747932342773901
10316,161,12,1.1631772005049887
10317,161,13,1.1540749957974783
10318,161,14,1.147517487560787
10319,161,15,1.143496220700556
10320,161,16,1.1419634427227283
10321,161,17,1.1428330283197237
10322,161,18,1.1459822965338002
10323,161,19,1.1512546859116288
10324,161,20,1.1584632258679113
10325,161,21,1.1673947167422662
10326,161,22,1.1778145077086124
10327,161,23,2.030486327743635
10328,161,24,2.050202018871318
10329,161,25,2.071660047326564
10330,161,26,2.0943061780272494
10331,161,27,2.1175649630609343
10332,161,28,2.1408564831970884
10333,161,29,2.1636126868329515
10334,161,30,2.1852928167716663
10335,161,31,2.205397469465092
10336,161,32,2.2234809007185974
10337,161,33,2.2391612728931705
10338,161,34,2.2521286274999346
10339,161,35,2.2621504597032067
10340,161,36,2.2690748635515243
10341,161,37,2.2728313048310564
10342,161,38,2.2734291587157704
10343,161,39,2.27095421880534
10344,161,40,2.265563440253674
10345,161,41,2.2574782207780366
10346,161,42,2.246976548461099
10347,161,43,2.2343843542751776
10348,161,44,2.2200664008079816
10349,161,45,2.204417018113185
10350,161,46,2.1878509649382805
10351,161,47,2.1707946512977854
10352,161,48,2.1536779093306833
10353,161,49,2.1369264466845808
10354,161,50,2.1209550634276444
10355,161,51,2.1061616627056337
10356,161,52,2.092922039765014
10357,161,53,2.0815853958742103
10358,161,54,2.0724704948910477
10359,161,55,2.0658623619370897
10360,161,56,2.0620094163844693
10361,161,57,2.061120935002668
10362,161,58,1.2540051967946437
10363,161,59,1.2402870659829006
10364,161,60,1.2255972312481058
10365,161,61,1.209949245637094
10366,161,62,1.1933792932860412
10367,161,64,1.1577466411699902
10368,162,0,2.076850670367719
10369,162,1,2.0135321313161207
10370,162,2,1.9494564738246951
10371,162,3,1.885397784671382
10372,162,4,1.8221692505319278
10373,162,5,1.760612894012655
10374,162,6,1.2728201001588086
10375,162,7,1.2512472180267753
10376,162,8,1.2315315670093572
10377,162,9,1.213863429417262
10378,162,10,1.1984038634318375
10379,162,11,1.185281205047115
10380,162,12,1.1745882048389105
10381,162,13,1.1663798991146215
10382,162,14,1.1606722959498286
10383,162,15,1.157441934151761
10384,162,16,1.156626348018975
10385,162,17,1.158125443723351
10386,162,18,1.161803765146467
10387,162,19,1.167493599034947
10388,162,20,1.1749988423960822
10389,162,21,1.1840995301162303
10390,162,22,1.1945568987763342
10391,162,23,2.028258638582923
10392,162,24,2.048275901265242
10393,162,25,2.070072119430836
10394,162,26,2.0930952427114926
10395,162,27,2.11677097996555
10396,162,28,2.1405194271624683
10397,162,29,2.1637713345765763
10398,162,30,2.185983504737817
10399,162,31,2.2066528651474373
10400,162,32,2.225328827597618
10401,162,33,2.2416236256365845
10402,162,34,2.255220409488855
10403,162,35,2.265878969544001
10404,162,36,2.2734390513029816
10405,162,37,2.277821312507786
10406,162,38,2.2790260534961417
10407,162,39,2.2771299215223118
10408,162,40,2.2722808463871447
10409,162,41,2.2646915064587536
10410,162,42,2.2546316500475223
10411,162,43,2.2424196069309845
10412,162,44,2.2284133191917657
10413,162,45,2.213001200747705
10414,162,46,2.196593102967827
10415,162,47,2.179611622050472
10416,162,48,2.162483935238182
10417,162,49,2.145634300526425
10418,162,50,2.1294773014143584
10419,162,51,2.1144118674623793
10420,162,52,2.1008160557167908
10421,162,53,2.0890425397887045
10422,162,54,2.079414724368012
10423,162,55,2.072223384446872
10424,162,56,2.0677237210978556
10425,162,57,2.066132729203346
10426,162,58,1.2607451952668451
10427,162,59,1.2466837021735462
10428,162,60,1.2315368043492025
10429,162,61,1.215321545813337
10430,162,62,1.1980809957510425
10431,162,64,1.1608403258100866
10432,163,0,2.038188289006489
10433,163,1,1.973800972918685
10434,163,2,1.9088274911477916
10435,163,3,1.844041604797206
10436,163,4,1.7802546060950797
10437,163,5,1.718305200478556
10438,163,6,1.2794744560531424
10439,163,7,1.2587849634496626
10440,163,8,1.2399799181017837
10441,163,9,1.2232407699421448
10442,163,10,1.2087180956864092
10443,163,11,1.1965282936888546
10444,163,12,1.1867509793168634
10445,163,13,1.1794271735301227
10446,163,14,1.1745583559547152
10447,163,15,1.1721064292149888
10448,163,16,1.1719946144195132
10449,163,17,1.1741092693902975
10450,163,18,1.1783025924502215
10451,163,19,1.1843961463548989
10452,163,20,1.192185110286655
10453,163,21,1.2014431436985566
10454,163,22,1.2119277251110923
10455,163,23,2.026361831687726
10456,163,24,2.0466444450099934
10457,163,25,2.0687370261262954
10458,163,26,2.092090369228796
10459,163,27,2.116132056235629
10460,163,28,2.1402829539024015
10461,163,29,2.1639733920122133
10462,163,30,2.1866585156191514
10463,163,31,2.207832355171189
10464,163,32,2.227040224586992
10465,163,33,2.243889135668696
10466,163,34,2.258056003841467
10467,163,35,2.269293511124268
10468,163,36,2.2774335834092465
10469,163,37,2.2823885266512463
10470,163,38,2.2841499468503903
10471,163,39,2.282785648627894
10472,163,40,2.278434764231252
10473,163,41,2.2713014071476247
10474,163,42,2.2616471711108734
10475,163,43,2.2497828059104226
10476,163,44,2.236059396582793
10477,163,45,2.2208593535533274
10478,163,46,2.2045874900044526
10479,163,47,2.1876624216142613
10480,163,48,2.170508475660145
10481,163,49,2.1535482443738267
10482,163,50,2.1371958644916726
10483,163,51,2.121851054196105
10484,163,52,2.107893892865943
10485,163,53,2.0956802906283594
10486,163,54,2.0855380655050118
10487,163,55,2.077763527243118
10488,163,56,2.0726184593367156
10489,163,57,2.0703273942163287
10490,163,58,1.2678344527610819
10491,163,59,1.2533984060917953
10492,163,60,1.2377657118359113
10493,163,61,1.2209574100337905
10494,163,62,1.2030238966533002
10495,163,64,1.164142081067448
10496,164,0,1.9998937006204236
10497,164,1,1.9344930501479398
10498,164,2,1.8686827091051528
10499,164,3,1.8032352196038623
10500,164,4,1.738958983622603
10501,164,5,1.676688309326943
10502,164,6,1.2868317221213417
10503,164,7,1.2670308566807675
10504,164,8,1.2491386695895235
10505,164,9,1.2333278376333823
10506,164,10,1.2197385822263904
10507,164,11,1.2084755551556823
10508,164,12,1.1996054887496799
10509,164,13,1.1931556963459002
10510,164,14,1.1891134852399143
10511,164,15,1.1874265177560952
10512,164,16,1.1880041275632314
10513,164,17,1.1907195688277832
10514,164,18,1.1954131462783155
10515,164,19,1.2018961457930701
10516,164,20,1.2099554587494157
10517,164,21,1.2193587700651765
10518,164,22,1.2298601605018082
10519,164,23,2.0247898376419715
10520,164,24,2.045301674001756
10521,164,25,2.0676488738790546
10522,164,26,2.0912857203259887
10523,164,27,2.1156423698308546
10524,164,28,2.140141202025804
10525,164,29,2.16421289209914
10526,164,30,2.1873117008786602
10527,164,31,2.2089295266605684
10528,164,32,2.22860832747775
10529,164,33,2.245950599356463
10530,164,34,2.260627681494382
10531,164,35,2.2723857492460544
10532,164,36,2.2810494462993214
10533,164,37,2.2865231945659605
10534,164,38,2.28879030048812
10535,164,39,2.2879100465348143
10536,164,40,2.284013014078018
10537,164,41,2.2772949267401685
10538,164,42,2.2680093306016085
10539,164,43,2.2564594390472332
10540,164,44,2.2429894659978116
10541,164,45,2.2279757530281
10542,164,46,2.2118179652863077
10543,164,47,2.1949305905995176
10544,164,48,2.1777349284779772
10545,164,49,2.1606517039618525
10546,164,50,2.1440943885107715
10547,164,51,2.128463259457825
10548,164,52,2.114140183731285
10549,164,53,2.1014840730007798
10550,164,54,2.0908269280374085
10551,164,55,2.082470371201566
10552,164,56,2.0766825582462913
10553,164,57,2.0736953640280684
10554,164,58,1.2752029820780262
10555,164,59,1.260362807916201
10556,164,60,1.2442176055196608
10557,164,61,1.2267929018041617
10558,164,62,1.208146838060336
10559,164,64,1.167597272356744
10560,165,0,1.9621137962367634
10561,165,1,1.8957588019525617
10562,165,2,1.8291754855047966
10563,165,3,1.763134249937864
10564,165,4,1.6984395923055935
10565,165,5,1.6359203327457046
10566,165,6,1.2948322711476485
10567,165,7,1.2759243716075879
10568,165,8,1.2589463335769109
10569,165,9,1.2440621303921282
10570,165,10,1.231401768723158
10571,165,11,1.2210583626952403
10572,165,12,1.213086034418421
10573,165,13,1.2074987200685487
10574,165,14,1.2042699347232348
10575,165,15,1.2033335206528912
10576,165,16,1.2045853736460603
10577,165,17,1.2078861112372021
10578,165,18,1.213064616476771
10579,165,19,1.219922362217055
10580,165,20,1.2282383948285436
10581,165,21,1.2377748337832406
10582,165,22,1.2482827255057931
10583,165,23,2.0235350750398453
10584,165,24,2.044240167142376
10585,165,25,2.066800413150489
10586,165,26,2.0906742126949585
10587,165,27,2.1152949823374345
10588,165,28,2.1400873417816584
10589,165,29,2.1644830642366055
10590,165,30,2.1879362883397198
10591,165,31,2.209937536381401
10592,165,32,2.2300261465171776
10593,165,33,2.247800802001536
10594,165,34,2.2629279245735665
10595,165,35,2.2751477880488444
10596,165,36,2.2842782979240255
10597,165,37,2.2902164694861864
10598,165,38,2.292937716928173
10599,165,39,2.292493136138962
10600,165,40,2.289005021580135
10601,165,41,2.2826609010782586
10602,165,42,2.273706400317173
10603,165,43,2.2624372609512955
10604,165,44,2.2491908330101897
10605,165,45,2.2343373447913346
10606,165,46,2.2182712235635815
10607,165,47,2.201402700494393
10608,165,48,2.1841498860440702
10609,165,49,2.166931450669103
10610,165,50,2.150159993164821
10611,165,51,2.134236128400926
10612,165,52,2.119543280376476
10613,165,53,2.1064431278818563
10614,165,54,2.095271620545625
10615,165,55,2.086335464013998
10616,165,56,2.0799089651578178
10617,165,57,2.0762311315444366
10618,165,58,1.2827787777878918
10619,165,59,1.2675066830180652
10620,165,60,1.2508244408666889
10621,165,61,1.2327625390943688
10622,165,62,1.2133872570574769
10623,165,64,1.1711501008363405
10624,166,0,1.9249959400868581
10625,166,1,1.8577489672970062
10626,166,2,1.7904592905171863
10627,166,3,1.7238942297233024
10628,166,4,1.6588533465407518
10629,166,5,1.5961588748617774
10630,166,6,1.303411367355705
10631,166,7,1.285399780817476
10632,166,8,1.2693361492562794
10633,166,9,1.2553758235300199
10634,166,10,1.243638750889541
10635,166,11,1.2342067344711032
10636,166,12,1.2271215791384067
10637,166,13,1.2223841961819883
10638,166,14,1.219954711254707
10639,166,15,1.2197535895108
10640,166,16,1.221663760241797
10641,166,17,1.2255336914547441
10642,166,18,1.2311813339372404
10643,166,19,1.2383988255101879
10644,166,20,1.2469578204426301
10645,166,21,1.2566152873619862
10646,166,22,1.267119602277529
10647,166,23,2.022588512731322
10648,166,24,2.0434511213985447
10649,166,25,2.0661831020250423
10650,166,26,2.0902475809501775
10651,166,27,2.1150819031029027
10652,166,28,2.1401136391842503
10653,166,29,2.1647763982363846
10654,166,30,2.1885249458836067
10655,166,31,2.2108491740582124
10656,166,32,2.2312865292524227
10657,166,33,2.2494325801245068
10658,166,34,2.264949488034847
10659,166,35,2.2775722319176697
10660,166,36,2.2871125278328845
10661,166,37,2.2934604697069614
10662,166,38,2.296583997548138
10663,166,39,2.2965263696259584
10664,166,40,2.2934018731236057
10665,166,41,2.2873900516653487
10666,166,42,2.2787287567020234
10667,166,43,2.26770634260066
10668,166,44,2.254653322806888
10669,166,45,2.2399337877460894
10670,166,46,2.2239368559779957
10671,166,47,2.207068390848387
10672,166,48,2.189743168237771
10673,166,49,2.172377630002684
10674,166,50,2.1553833054556737
10675,166,51,2.1391609327871994
10676,166,52,2.1240952665271897
10677,166,53,2.110550518439804
10678,166,54,2.098866349615612
10679,166,55,2.0893543123583354
10680,166,56,2.0822946324946017
10681,166,57,2.0779332260212144
10682,166,58,1.290488462766457
10683,166,59,1.2747585968899569
10684,166,60,1.2575171176346387
10685,166,61,1.2387999280272806
10686,166,62,1.2186818099051147
10687,166,64,1.174744201248949
10688,167,0,1.8886872890833093
10689,167,1,1.8206138940647605
10690,167,2,1.7526870078870804
10691,167,3,1.685669902475951
10692,167,4,1.6203561608168202
10693,167,5,1.5575603281104016
10694,167,6,1.312499551409228
10695,167,7,1.295386537997815
10696,167,8,1.2802364630465644
10697,167,9,1.2671961479522296
10698,167,10,1.256375650967875
10699,167,11,1.2478457085613166
10700,167,12,1.2416361209122972
10701,167,13,1.2377351475348173
10702,167,14,1.2360899487543207
10703,167,15,1.2366080765077616
10704,167,16,1.239159984759344
10705,167,17,1.243582496885472
10706,167,18,1.2496831358455676
10707,167,19,1.257245193961592
10708,167,20,1.266033393750711
10709,167,21,1.2757999704560463
10710,167,22,1.2862909915173373
10711,167,23,2.0219397408081448
10712,167,24,2.0429244235469946
10713,167,25,2.0657871783405515
10714,167,26,2.0899964497979258
10715,167,27,2.1149941611272407
10716,167,28,2.140211527338662
10717,167,29,2.1650847148236436
10718,167,30,2.1890698508933055
10719,167,31,2.211656930552103
10720,167,32,2.2323822272534035
10721,167,33,2.2508388865590705
10722,167,34,2.2666854629659383
10723,167,35,2.279652246834647
10724,167,36,2.2895453164164987
10725,167,37,2.2962483355530194
10726,167,38,2.299722197104977
10727,167,39,2.300002682353638
10728,167,40,2.2971963648634786
10729,167,41,2.2914750316252097
10730,167,42,2.283068923475583
10731,167,43,2.2722591103606886
10732,167,44,2.259369315296882
10733,167,45,2.244757484952836
10734,167,46,2.2288073763584366
10735,167,47,2.2119203906315996
10736,167,48,2.1945078385202272
10737,167,49,2.1769837719772687
10738,167,50,2.159758464029797
10739,167,51,2.1432325689243528
10740,167,52,2.1277919487756827
10741,167,53,2.1138031142020393
10742,167,54,2.1016091967022485
10743,167,55,2.0915263512407853
10744,167,56,2.083840479431858
10745,167,57,2.078804166945383
10746,167,58,1.2982579545049513
10747,167,59,1.2820465691435192
10748,167,60,1.2642261389120457
10749,167,61,1.2448384143583249
10750,167,62,1.2239670134451988
10751,167,64,1.1783232561998396
10752,168,0,1.8533341107685235
10753,168,1,1.7845028469462978
10754,168,2,1.716010235679142
10755,168,3,1.6486145179252447
10756,168,4,1.5831022452975103
10757,168,5,1.5202791708927155
10758,168,6,1.3220230673401687
10759,168,7,1.3058097034476328
10760,168,8,1.2915711528591127
10761,168,9,1.2794458133045594
10762,168,10,1.2695340398322787
10763,168,11,1.2618957640301118
10764,168,12,1.25654911292269
10765,168,13,1.2534700871427886
10766,168,14,1.252593325654762
10767,168,15,1.2538139502562309
10768,168,16,1.2569904484621282
10769,168,17,1.2619485193908864
10770,168,18,1.2684857751367655
10771,168,19,1.2763771609943695
10772,168,20,1.2853809328854162
10773,168,21,1.2952450103815965
10774,168,22,1.305713509615193
10775,168,23,2.0215770498902743
10776,168,24,2.042648730135016
10777,168,25,2.0656017398222963
10778,168,26,2.0899104138731284
10779,168,27,2.11502188416402
10780,168,28,2.1403716844012313
10781,168,29,2.165399242085284
10782,168,30,2.1895627648507876
10783,168,31,2.2123530702984
10784,168,32,2.233305966109607
10785,168,33,2.2520128577503766
10786,168,34,2.2681293409479713
10787,168,35,2.2813816215797913
10788,168,36,2.291570692732335
10789,168,37,2.298574283619892
10790,168,38,2.302346674181721
10791,168,39,2.3029165392903286
10792,168,40,2.3003830449317224
10793,168,41,2.294910463446583
10794,168,42,2.2867216046680494
10795,168,43,2.2760903740516496
10796,168,44,2.26333376793767
10797,168,45,2.2488036009298265
10798,168,46,2.2328782327005663
10799,168,47,2.215954523593078
10800,168,48,2.198440202869877
10801,168,49,2.1807467833309286
10802,168,50,2.163283104389098
10803,168,51,2.146449535605426
10804,168,52,2.1306328270092445
10805,168,53,2.116201553768306
10806,168,54,2.1035020729663048
10807,168,55,2.0928548908476556
10808,168,56,2.0845513307141066
10809,168,57,2.078850394835898
10810,168,58,1.3060131447989798
10811,168,59,1.2892987501231215
10812,168,60,1.2708822820707284
10813,168,61,1.2508117462416912
10814,168,62,1.2291798972605017
10815,168,64,1.181831620456262
10816,169,0,1.819081103202186
10817,169,1,1.7495633178065522
10818,169,2,1.680578590064753
10819,169,3,1.612879132249513
10820,169,4,1.5472434055887752
10821,169,5,1.4844672699771133
10822,169,6,1.3319043283362983
10823,169,7,1.3165904097007695
10824,169,8,1.303260093555062
10825,169,9,1.2920434732093913
10826,169,10,1.2830314018868167
10827,169,11,1.2762732853079166
10828,169,12,1.271775927149755
10829,169,13,1.2695034807395047
10830,169,14,1.2693785260272155
10831,169,15,1.2712842551029881
10832,169,16,1.2750677135108202
10833,169,17,1.2805440096293192
10834,169,18,1.2875013716917114
10835,169,19,1.2957069028007315
10836,169,20,1.3049128596528945
10837,169,21,1.314863261572655
10838,169,22,1.325300623640994
10839,169,23,2.02148751821416
10840,169,24,2.0426115551262125
10841,169,25,2.0656148316628293
10842,169,26,2.089978124661794
10843,169,27,2.115154384429439
10844,169,28,2.1405841175568883
10845,169,29,2.16571069723602
10846,169,30,2.1899951124507915
10847,169,31,2.212929707364399
10848,169,32,2.234050518063073
10849,169,33,2.252947882626451
10850,169,34,2.2692750788567193
10851,169,35,2.282754828177396
10852,169,36,2.293183590331018
10853,169,37,2.3004336577297404
10854,169,38,2.304453137032903
10855,169,39,2.305263975516225
10856,169,40,2.3029582483636157
10857,169,41,2.297692968103443
10858,169,42,2.289683707701144
10859,169,43,2.279197343753203
10860,169,44,2.2665442260232838
10861,169,45,2.2520700651820085
10862,169,46,2.2361478036937017
10863,169,47,2.2191696975456994
10864,169,48,2.201539791592607
10865,169,49,2.183666921640288
10866,169,50,2.165958325109325
10867,169,51,2.1488138922539095
10868,169,52,2.1326210443380345
10869,169,53,2.1177501864171995
10870,169,54,2.104550652503312
10871,169,55,2.0933470413952686
10872,169,56,2.0844358331870123
10873,169,57,2.0780821795869358
10874,169,58,1.3136805861913812
10875,169,59,1.296444103453327
10876,169,60,1.2774172749136858
10877,169,61,1.2566547415519638
10878,169,62,1.2342586598631438
10879,169,64,1.1852149486216514
10880,170,0,1.7860707202396162
10881,170,1,1.7159403420106503
10882,170,2,1.6465390156411464
10883,170,3,1.5786119154127776
10884,170,4,1.5129283501609767
10885,170,5,1.4502731910817637
10886,170,6,1.3420624179302656
10887,170,7,1.3276463638575684
10888,170,8,1.3152196602437831
10889,170,9,1.3049042292903623
10890,170,10,1.2967816395078857
10891,170,11,1.2908910666749058
10892,170,12,1.28722835845471
10893,170,13,1.2857462499606411
10894,170,14,1.2863557413192537
10895,170,15,1.2889286108387437
10896,170,16,1.2933010000436802
10897,170,17,1.2992779709051294
10898,170,18,1.3066389023723168
10899,170,19,1.315143564020475
10900,170,20,1.3245386803738994
10901,170,21,1.3345647811877834
10902,170,22,1.3449631214245
10903,170,23,2.021657105968322
10904,170,24,2.0427993646453584
10905,170,25,2.0658135409342404
10906,170,26,2.0901873838731757
10907,170,27,2.115380250265729
10908,170,28,2.1408382523472267
10909,170,29,2.1660093730285293
10910,170,30,2.1903580645552174
10911,170,31,2.2133788844543596
10912,170,32,2.2346087766130567
10913,170,33,2.253637672391876
10914,170,34,2.2701171634717436
10915,170,35,2.2837670809804127
10916,170,36,2.29437990050496
10917,170,37,2.301822976058227
10918,170,38,2.3060386843243643
10919,170,39,2.3070426303276124
10920,170,40,2.3049201243310278
10921,170,41,2.299821185192234
10922,170,42,2.2919543562122207
10923,170,43,2.281579635104966
10924,170,44,2.2690008202572196
10925,170,45,2.254557561849189
10926,170,46,2.2386173802557474
10927,170,47,2.2215678776107377
10928,170,48,2.203809324113913
10929,170,49,2.1857477515178982
10930,170,50,2.1677886353253397
10931,170,51,2.1503311976106954
10932,170,52,2.133763316935004
10933,170,53,2.1184569930947035
10934,170,54,2.104764284527403
10935,170,55,2.093013616613585
10936,170,56,2.0835063507492433
10937,170,57,2.076513507126063
10938,170,58,1.3211881783817072
10939,170,59,1.3034130876787549
10940,170,60,1.283764470143747
10941,170,61,1.2623039528739
10942,170,62,1.2391433220329944
10943,170,64,1.1884208193797794
10944,171,0,1.7544425056185324
10945,171,1,1.6837758241517655
10946,171,2,1.614035105738293
10947,171,3,1.545957469055426
10948,171,4,1.4803020088600083
10949,171,5,1.417841521039103
10950,171,6,1.3524136227720955
10951,171,7,1.3388923828478134
10952,171,8,1.3273632656851124
10953,171,9,1.317940170287991
10954,171,10,1.3106956133724101
10955,171,11,1.3056588532291973
10956,171,12,1.3028151655502702
10957,171,13,1.302106312623634
10958,171,14,1.3034322092084456
10959,171,15,1.3066537493639347
10960,171,16,1.3115967198846818
10961,171,17,1.3180566891614494
10962,171,18,1.3258047265750972
10963,171,19,1.3345937781880326
10964,171,20,1.344165500636154
10965,171,21,1.3542573376810123
10966,171,22,2.003264805940653
10967,171,23,2.022070756269261
10968,171,24,2.043197678183855
10969,171,25,2.0661840971682355
10970,171,26,2.0905252425764598
10971,171,27,2.1156874430588526
10972,171,28,2.141123026640197
10973,171,29,2.1662852280955303
10974,171,30,2.190642624278844
10975,171,31,2.2136926541613513
10976,171,32,2.2349738324068715
10977,171,33,2.2540763305790357
10978,171,34,2.2706506752553572
10979,171,35,2.28441439378707
10980,171,36,2.2951565223914594
10981,171,37,2.302739973907768
10982,171,38,2.3071018402912085
10983,171,39,2.308251774520968
10984,171,40,2.3062686553175333
10985,171,41,2.3012957837831984
10986,171,42,2.2935348923849617
10987,171,43,2.283239262936143
10988,171,44,2.2707062515162266
10989,171,45,2.2562695054551023
10990,171,46,2.2402911321357797
10991,171,47,2.2231540435615456
10992,171,48,2.205254656973619
10993,171,49,2.186996083194328
10994,171,50,2.168781883867921
10995,171,51,2.15101042942926
10996,171,52,2.1340698443351767
10997,171,53,2.1183334874112263
10998,171,54,2.104155885213769
10999,171,55,2.091869016641484
11000,171,56,2.081778838573191
11001,171,57,2.0741619453030133
11002,171,58,1.3284658477235594
11003,171,59,1.3101383300673024
11004,171,60,1.2898595111935922
11005,171,61,1.2676983231903665
11006,171,62,1.243776370344717
11007,171,64,1.1913993494200783
11008,172,0,1.7243324392182897
11009,172,1,1.6532078765708482
11010,172,2,1.5832064361146487
11011,172,3,1.515056158336342
11012,172,4,1.4495048658865366
11013,172,5,1.3873122048882496
11014,172,6,1.362871992840754
11015,172,7,1.3502409575064207
11016,172,8,1.3396019277035482
11017,172,9,1.3310609422023434
11018,172,10,1.3246817146374923
11019,172,11,1.3204839143368996
11020,172,12,1.3184426448891844
11021,172,13,1.3184891561703778
11022,172,14,1.3205127856784353
11023,172,15,1.324364084459417
11024,172,16,1.3298590430727366
11025,172,17,1.3367842953568743
11026,172,18,1.3449031435926204
11027,172,19,1.3539622192881169
11028,172,20,1.3636985703493314
11029,172,21,1.3738469487795582
11030,172,22,2.003929306780324
11031,172,23,2.0227125021219856
11032,172,24,2.0437911755792166
11033,172,25,2.066711978392753
11034,172,26,2.0909781053723995
11035,172,27,2.1160633986691635
11036,172,28,2.1414269884949513
11037,172,29,2.1665279804787794
11038,172,30,2.190839715469604
11039,172,31,2.2138631617440527
11040,172,32,2.2351390497164116
11041,172,33,2.2542584226842903
11042,172,34,2.270871350662956
11043,172,35,2.2846936343915667
11044,172,36,2.2955114093782356
11045,172,37,2.3031836416269296
11046,172,38,2.3076425838706975
11047,172,39,2.308892330475827
11048,172,40,2.307005667920924
11049,172,41,2.302119463742283
11050,172,42,2.2944288686179513
11051,172,43,2.284180623133617
11052,172,44,2.2716657627953345
11053,172,45,2.257212002831178
11054,172,46,2.241176059743421
11055,172,47,2.2239361315120605
11056,172,48,2.2058847153562584
11057,172,49,2.1874218939055616
11058,172,50,2.1689491705597796
11059,172,51,2.1508638857728046
11060,172,52,2.1335542008722985
11061,172,53,2.117394597407185
11062,172,54,2.1027418100387645
11063,172,55,2.0899310912481788
11064,172,56,2.079272697580224
11065,172,57,2.0710484900610604
11066,172,58,1.3354462129121916
11067,172,59,1.3165552856338572
11068,172,60,1.2956409824477964
11069,172,61,1.272779825291183
11070,172,62,1.2481033839163116
11071,172,64,1.194103790147972
11072,173,0,1.6958722987837271
11073,173,1,1.6243701739855323
11074,173,2,1.5541879153698297
11075,173,3,1.4860434610508109
11076,173,4,1.420672310549406
11077,173,5,1.358819901168474
11078,173,6,1.3733499246613674
11079,173,7,1.3616028410388425
11080,173,8,1.3518448622042256
11081,173,9,1.3441743450683612
11082,173,10,1.3386464645963105
11083,173,11,1.3352716452118227
11084,173,12,1.3340152331458173
11085,173,13,1.3347984399795165
11086,173,14,1.3375005460601859
11087,173,15,1.341962310445375
11088,173,16,1.347990493040324
11089,173,17,1.3553633561033633
11090,173,18,1.3638369777125723
11091,173,19,1.373152180405039
11092,173,20,1.3830418551450412
11093,173,21,1.3932384449690216
11094,173,22,2.004832158342716
11095,173,23,2.023565578664915
11096,173,24,2.0445638090385065
11097,173,25,2.067382021872207
11098,173,26,2.091531838831303
11099,173,27,2.1164951325980077
11100,173,28,2.141738397143747
11101,173,29,2.1667272035732417
11102,173,30,2.1909402728252645
11103,173,31,2.213882728691185
11104,173,32,2.2350981427909944
11105,173,33,2.2541790447145953
11106,173,34,2.2707756423517935
11107,173,35,2.2846025759839117
11108,173,36,2.295443611280621
11109,173,37,2.3031542572051187
11110,173,38,2.307662371404652
11111,173,39,2.308966884701358
11112,173,40,2.3071348350230694
11113,173,41,2.3022969473427226
11114,173,42,2.294642028432911
11115,173,43,2.2844104627361626
11116,173,44,2.2718870984102533
11117,173,45,2.257393801381558
11118,173,46,2.2412819314633587
11119,173,47,2.2239249603011793
11120,173,48,2.2057114086009473
11121,173,49,2.187038232621939
11122,173,50,2.1683047402982467
11123,173,51,2.1499070686303208
11124,173,52,2.1322332090569343
11125,173,53,2.115658528975172
11126,173,54,2.10054170758595
11127,173,55,2.0872209844248575
11128,173,56,2.0760106102853686
11129,173,57,2.0671973930710803
11130,173,58,1.342065230019736
11131,173,59,1.3226028745026395
11132,173,60,1.3010510369533512
11133,173,61,1.2774940779948132
11134,173,62,1.252073637483177
11135,173,64,1.196491100354394
11136,174,0,1.6691890403157985
11137,174,1,1.5973913274548286
11138,174,2,1.5271091553111737
11139,174,3,1.459049337257311
11140,174,4,1.3939340090080552
11141,174,5,1.3324933585963226
11142,174,6,1.383758762846185
11143,174,7,1.372887657188784
11144,174,8,1.3640000971018351
11145,174,9,1.3571869516781752
11146,174,10,1.3524951371330063
11147,174,11,1.3499261919616108
11148,174,12,1.3494361336475784
11149,174,13,1.3509366219313343
11150,174,14,1.3542974104539547
11151,174,15,1.359350025182822
11152,174,16,1.3658925659406969
11153,174,17,1.3736954881149215
11154,174,18,1.3825081866593938
11155,174,19,1.3920661751301981
11156,174,20,1.4020986298491185
11157,174,21,1.4123360542782892
11158,174,22,2.005955334066044
11159,174,23,2.024612539959023
11160,174,24,2.0454989194371893
11161,174,25,2.0681785387621865
11162,174,26,2.092171883395438
11163,174,27,2.1169693480835607
11164,174,28,2.1420453262874406
11165,174,29,2.166872423694132
11166,174,30,2.1909353328733068
11167,174,31,2.21374393632721
11168,174,32,2.2348452513745447
11169,174,33,2.2538338899742945
11170,174,34,2.270360776666694
11171,174,35,2.2841399448328565
11172,174,36,2.294953311786173
11173,174,37,2.302653413106064
11174,174,38,2.3071641525480433
11175,174,39,2.3084796925615754
11176,174,40,2.3066616691247654
11177,174,41,2.301834961050595
11178,174,42,2.2941822765970588
11179,174,43,2.2839378383221383
11180,174,44,2.271380450619577
11181,174,45,2.2568262239484937
11182,174,46,2.240621206811771
11183,174,47,2.2231341430276323
11184,174,48,2.204749530242896
11185,174,49,2.1858611087671695
11186,174,50,2.16686586066784
11187,174,51,2.1481585506869263
11188,174,52,2.1301267958203596
11189,174,53,2.1131466119482867
11190,174,54,2.0975783559083934
11191,174,55,2.083762961512482
11192,174,56,2.072018359247174
11193,174,57,2.0626359721274596
11194,174,58,1.3482628101644547
11195,174,59,1.3282240908624052
11196,174,60,1.3060359948568885
11197,174,61,1.281790932420804
11198,174,62,1.2556406740501815
11199,174,64,1.1985224881669714
11200,175,0,1.6444042002237913
11201,175,1,1.5723942807980094
11202,175,2,1.5020938644025714
11203,175,3,1.4341976225375799
11204,175,4,1.3694133001105595
11205,175,5,1.3084548172012789
11206,175,6,1.3940094150722082
11207,175,7,1.38400452319951
11208,175,8,1.375975102237773
11209,175,9,1.3700047433161122
11210,175,10,1.3661323990394996
11211,175,11,1.364351095167923
11212,175,12,1.3646079618362768
11213,175,13,1.3668056043258283
11214,175,14,1.3708047886611299
11215,175,15,1.3764283725833188
11216,175,16,1.3834663693334448
11217,175,17,1.3916819917281293
11218,175,18,1.4008184886972794
11219,175,19,1.410606557109819
11220,175,20,1.4207720894760412
11221,175,21,1.431044003884954
11222,175,22,2.007280192663601
11223,175,23,2.0258353795460904
11224,175,24,2.0465793560917787
11225,175,25,2.0690854318588707
11226,175,26,2.092883367916587
11227,175,27,2.11747254629569
11228,175,28,2.1423357688819973
11229,175,29,2.1669532184604345
11230,175,30,2.1908161250321685
11231,175,31,2.213439708710226
11232,175,32,2.234375014678769
11233,175,33,2.253219313432109
11234,175,34,2.2696248077983747
11235,175,35,2.2833054637101906
11236,175,36,2.2940418606940036
11237,175,37,2.301684036942419
11238,175,38,2.306152379066667
11239,175,39,2.307436674947534
11240,175,40,2.3055935067037536
11241,175,41,2.3007422074361474
11242,175,42,2.293059638508029
11243,175,43,2.2827740628383033
11244,175,44,2.270158393915459
11245,175,45,2.2555230906289396
11246,175,46,2.2392089458880315
11247,175,47,2.2215799842910133
11248,175,48,2.2030166432435094
11249,175,49,2.1839093656839714
11250,175,50,2.164652683936424
11251,175,51,2.1456398261962955
11252,175,52,2.127257832662334
11253,175,53,2.1098831299784178
11254,175,54,2.0938774826515028
11255,175,55,2.0795842201447163
11256,175,56,2.0673246294699275
11257,175,57,2.057394405714205
11258,175,58,1.3539834033029305
11259,175,59,1.3333665769793759
11260,175,60,1.3105469060239887
11261,175,61,1.2856250217728609
11262,175,62,1.258762840599328
11263,175,64,1.2001639158310915
11264,176,0,1.6216333222096582
11265,176,1,1.5494957324610708
11266,176,2,1.479259267298322
11267,176,3,1.4116054478887219
11268,176,4,1.3472266183086994
11269,176,5,1.2868194368710166
11270,176,6,1.4040129754489261
11271,176,7,1.394862682484378
11272,176,8,1.3876774301705843
11273,176,9,1.3825337573687546
11274,176,10,1.3794629630426047
11275,176,11,1.3784499468441491
11276,176,12,1.3794334046075347
11277,176,13,1.3823073940164752
11278,176,14,1.386924239512605
11279,176,15,1.3930986995473746
11280,176,16,1.4006132751918952
11281,176,17,1.4092244985096865
11282,176,18,1.4186700034692368
11283,176,19,1.4286761528740604
11284,176,20,1.4389659729587307
11285,176,21,1.4492671338309855
11286,176,22,2.008787601397932
11287,176,23,2.027215653971301
11288,176,24,2.0477875991772168
11289,176,25,2.070086315598898
11290,176,26,2.0936512259783937
11291,176,27,2.117991137782566
11292,176,28,2.1425977425809557
11293,176,29,2.1669593151810407
11294,176,30,2.1905741619700003
11295,176,31,2.2129633940767843
11296,176,32,2.233682643113883
11297,176,33,2.2523323930246284
11298,176,34,2.268566668032955
11299,176,35,2.282099890544254
11300,176,36,2.29271180051252
11301,176,37,2.300250405637045
11302,176,38,2.3046330062566622
11303,176,39,2.3058454067213328
11304,176,40,2.3039394835169746
11305,176,41,2.2990293272316675
11306,176,42,2.2912862089647454
11307,176,43,2.280932641097797
11308,176,44,2.268235807316867
11309,176,45,2.253500627983139
11310,176,46,2.237062705669177
11311,176,47,2.2192813637922923
11312,176,48,2.2005329511666814
11313,176,49,2.181204539705917
11314,176,50,2.1616880943934733
11315,176,51,2.142375147008788
11316,176,52,2.123651960846983
11317,176,53,2.105895135434193
11318,176,54,2.089467570245767
11319,176,55,2.074714686388433
11320,176,56,2.0619607962067175
11321,176,57,2.051505513248094
11322,176,58,1.3591765419088275
11323,176,59,1.337983156016453
11324,176,60,1.314540070586983
11325,176,61,1.2889562683890186
11326,176,62,1.2614037806308076
11327,176,64,1.2013865611706145
11328,177,0,1.6009854117148659
11329,177,1,1.5288055856829559
11330,177,2,1.4587155533231955
11331,177,3,1.3913826891045924
11332,177,4,1.3274829464904254
11333,177,5,1.267694756117008
11334,177,6,1.4136813511177488
11335,177,7,1.4053721417943261
11336,177,8,1.3990153625822495
11337,177,9,1.3946807415170257
11338,177,10,1.392392248223021
11339,177,11,1.3921270554376604
11340,177,12,1.3938158881919094
11341,177,13,1.397344771431387
11342,177,14,1.4025581392848638
11343,177,15,1.4092632220533727
11344,177,16,1.4172355819956466
11345,177,17,1.4262256277658087
11346,177,18,1.4359659014478894
11347,177,19,1.4461789028921606
11348,177,20,1.456585194634295
11349,177,21,1.4669115179505834
11350,177,22,2.010458061763905
11351,177,23,2.028734608441301
11352,177,24,2.0491058839384615
11353,177,25,2.071164637447114
11354,177,26,2.09446031313854
11355,177,27,2.118511554311318
11356,177,28,2.142819394992932
11357,177,29,2.1668806884287863
11358,177,30,2.190201328481587
11359,177,31,2.212308844098504
11360,177,32,2.2327639870945135
11361,177,33,2.251170987274771
11362,177,34,2.2671862135395484
11363,177,35,2.2805250518251166
11364,177,36,2.2909668870201316
11365,177,37,2.298358152763508
11366,177,38,2.3026134867717927
11367,177,39,2.3037150968158118
11368,177,40,2.301710500832814
11369,177,41,2.296708851626791
11370,177,42,2.2888760905226886
11371,177,43,2.2784291942550663
11372,177,44,2.2656297850834592
11373,177,45,2.2507773661637427
11374,177,46,2.234202423785487
11375,177,47,2.2162596070406684
11376,177,48,2.1973211561544717
11377,177,49,2.1777707057920983
11378,177,50,2.157997542086824
11379,177,51,2.1383913449071015
11380,177,52,2.1193374028889216
11381,177,53,2.1012122506451876
11382,177,54,2.084379647573995
11383,177,55,2.0691867975573857
11384,177,56,2.0559606997021955
11385,177,57,2.0450045225927687
11386,177,58,1.3637973386464726
11387,177,59,1.342032317761761
11388,177,60,1.317977511530199
11389,177,61,1.291750342184092
11390,177,62,1.2635328776881467
11391,177,64,1.2021672299529798
11392,178,0,1.582562420604913
11393,178,1,1.5104264296573906
11394,178,2,1.4405653566028747
11395,178,3,1.373631448346652
11396,178,4,1.310283301413832
11397,178,5,1.251180183716687
11398,178,6,1.4229278868618833
11399,178,7,1.415444307591436
11400,178,8,1.4098985569499856
11401,178,9,1.4063538091115193
11402,178,10,1.4048270423907725
11403,178,11,1.405288113416935
11404,178,12,1.4076602491065875
11405,178,13,1.4118219630122844
11406,178,14,1.417610353748715
11407,178,15,1.4248256949691986
11408,178,16,1.4332371805198867
11409,178,17,1.442589646616156
11410,178,18,1.4526110567222368
11411,178,19,1.46302050564881
11412,178,20,1.473536478359924
11413,178,21,1.4838850869699827
11414,178,22,2.0122718367622054
11415,178,23,2.0303733037705936
11416,178,24,2.0505163258304524
11417,178,25,2.07230379979772
11418,178,26,2.095295524217765
11419,178,27,2.119020360241271
11420,178,28,2.142989107914175
11421,178,29,2.1667076559935667
11422,178,30,2.189689968115188
11423,178,31,2.211470490231923
11424,178,32,2.2316156022605464
11425,178,33,2.2497337886314845
11426,178,34,2.2654842651764353
11427,178,35,2.2785838703232297
11428,178,36,2.2888121034384805
11429,178,37,2.296014268808994
11430,178,38,2.300102756700371
11431,178,39,2.301056559934936
11432,178,40,2.2989191826451307
11433,178,41,2.2937951449626772
11434,178,42,2.285845321706762
11435,178,43,2.275281373643971
11436,178,44,2.2623595363498916
11437,178,45,2.2473740245784977
11438,178,46,2.230650290502397
11439,178,47,2.2125383440021857
11440,178,48,2.193406304645153
11441,178,49,2.1736343107716882
11442,178,50,2.1536088641048328
11443,178,51,2.133717641491171
11444,178,52,2.1143447616605084
11445,178,53,2.0958664569061134
11446,178,54,2.0786470696025945
11447,178,55,2.063035273256739
11448,178,56,2.049360408492716
11449,178,57,2.0379288265127777
11450,178,58,1.367806932559089
11451,178,59,1.345478651791745
11452,178,60,1.320827393852517
11453,178,61,1.2939790650472083
11454,178,62,1.2651256444604084
11455,178,64,1.202488713828574
11456,179,0,1.5664587645971888
11457,179,1,1.4944530542154895
11458,179,2,1.4249032703777886
11459,179,3,1.3584455704333787
11460,179,4,1.2957202542563044
11461,179,5,1.2373665257190616
11462,179,6,1.4316679824924474
11463,179,7,1.424992616309547
11464,179,8,1.4202386880911408
11465,179,9,1.4174630902777112
11466,179,10,1.4166761609160645
11467,179,11,1.4178408619087022
11468,179,12,1.420873402623289
11469,179,13,1.4256453115118501
11470,179,14,1.4319869083006325
11471,179,15,1.4396920800600719
11472,179,16,1.4485242178321303
11473,179,17,1.4582231281928582
11474,179,18,1.468512697742714
11475,179,19,1.4791090594364444
11476,179,20,1.4897289890351657
11477,179,21,1.5000982486445202
11478,179,22,2.014209078929773
11479,179,23,2.0321127437569104
11480,179,24,2.0520010457116395
11481,179,25,2.073487281509064
11482,179,26,2.0961419097614544
11483,179,27,2.119504362571387
11484,179,28,2.143095599703849
11485,179,29,2.1664309724182047
11486,179,30,2.1890329667986244
11487,179,31,2.210443416465736
11488,179,32,2.2302348104806478
11489,179,33,2.248020371970278
11490,179,34,2.2634626438348455
11491,179,35,2.276280386727054
11492,179,36,2.2862536679165535
11493,179,37,2.293227094156426
11494,179,38,2.2971112137919945
11495,179,39,2.2978821798625213
11496,179,40,2.2955798239875245
11497,179,41,2.2903043380568477
11498,179,42,2.2822117954285774
11499,179,43,2.271508764441826
11500,179,44,2.2584462742592195
11501,179,45,2.2433133867803208
11502,179,46,2.226430609716074
11503,179,47,2.2081433566085615
11504,179,48,2.188815621859896
11505,179,49,2.1688239953284545
11506,179,50,2.1485520946330205
11507,179,51,2.1283854469349643
11508,179,52,2.1087068085301808
11509,179,53,2.0898918727313642
11510,179,54,2.0723052865401703
11511,179,55,2.0562968762866016
11512,179,56,2.04219797294826
11513,179,57,2.0303177297990973
11514,179,58,1.371172878766188
11515,179,59,1.3482932230799987
11516,179,60,1.323064385342359
11517,179,61,1.2956207562597388
11518,179,62,1.266164052562019
11519,179,64,1.2023400890253257
11520,180,0,1.5527608757553866
11521,180,1,1.4809720003705262
11522,180,2,1.4118153978486854
11523,180,3,1.3459101961927864
11524,180,4,1.2838774886087032
11525,180,5,1.2263355501186182
11526,180,6,1.4398196978140116
11527,180,7,1.433933153205641
11528,180,8,1.429950079198199
11529,180,9,1.4279213732951181
11530,180,10,1.4278510965012385
11531,180,11,1.4296957468276421
11532,180,12,1.4333650031674507
11533,180,13,1.4387239385529391
11534,180,14,1.445596650584322
11535,180,15,1.453771206619776
11536,180,16,1.4630057539580306
11537,180,17,1.4730356024747906
11538,180,18,1.4835810505961673
11539,180,19,1.4943556965082014
11540,180,20,1.5050749562586223
11541,180,21,1.5154644997528846
11542,180,22,2.0162499582844364
11543,180,23,2.033934002120169
11544,180,24,2.053542294213781
11545,180,25,2.0746987581936547
11546,180,26,2.096984790805024
11547,180,27,2.119950718813354
11548,180,28,2.1431280249841276
11549,180,29,2.1660419193398988
11550,180,30,2.188223832737839
11551,180,31,2.209223427798355
11552,180,32,2.22861975603988
11553,180,33,2.246031237732582
11554,180,34,2.2611241998825533
11555,180,35,2.273619774852916
11556,180,36,2.2832990340761192
11557,180,37,2.290006304638867
11558,180,38,2.29365068779439
11559,180,39,2.2942058644506274
11560,180,40,2.291708330533176
11561,180,41,2.286254252460158
11562,180,42,2.277995168027046
11563,180,43,2.2671327796960425
11564,180,44,2.253913095249472
11565,180,45,2.2386201653549134
11566,180,46,2.2215696498467503
11567,180,47,2.2031024161212778
11568,180,48,2.1835783361604006
11569,180,49,2.1633704059302565
11570,180,50,2.142859265087679
11571,180,51,2.1224281490090378
11572,180,52,2.102458262010472
11573,180,53,2.0833245229159103
11574,180,54,2.0653916041489317
11575,180,55,2.049010165091029
11576,180,56,2.0345131707946282
11577,180,57,2.022212188847275
11578,180,58,1.3738694771979474
11579,180,59,1.3504538856080754
11580,180,60,1.3246699545550644
11581,180,61,1.2966605145614403
11582,180,62,1.26663679865875
11583,180,64,1.2017169515515618
11584,181,0,1.5415467921792925
11585,181,1,1.4700611488701973
11586,181,2,1.4013789417056783
11587,181,3,1.336101355025723
11588,181,4,1.2748293980484693
11589,181,5,1.2181595913080656
11590,181,6,1.4473043400602565
11591,181,7,1.4421852545795395
11592,181,8,1.4389503170421063
11593,181,9,1.4376447308441942
11594,181,10,1.438266654419027
11595,181,11,1.440766560971774
11596,181,12,1.4450480910866075
11597,181,13,1.4509703938694287
11598,181,14,1.4583519000211822
11599,181,15,1.4669754191594717
11600,181,16,1.476594405681954
11601,181,17,1.486940194269419
11602,181,18,1.4977299693836896
11603,181,19,1.5086752042378084
11604,181,20,1.5194902848498182
11605,181,21,1.5299010247732086
11606,181,22,2.0183747893378023
11607,181,23,2.0358183481398955
11608,181,24,2.055122574414745
11609,181,25,2.0759222203930148
11610,181,26,2.097809871086536
11611,181,27,2.1203470418583525
11612,181,28,2.143076070868207
11613,181,29,2.1655323918855767
11614,181,30,2.1872567718912403
11615,181,31,2.2078071138132955
11616,181,32,2.2267694564517457
11617,181,33,2.243767849225242
11618,181,34,2.258472836316873
11619,181,35,2.2706083501316843
11620,181,36,2.27995688442398
11621,181,37,2.286362889577663
11622,181,38,2.2897344029221043
11623,181,39,2.290042992423075
11624,181,40,2.2873221497319918
11625,181,41,2.281664316015619
11626,181,42,2.273216759420788
11627,181,43,2.2621765453206955
11628,181,44,2.2487848492185547
11629,181,45,2.233320857647167
11630,181,46,2.2160954855845407
11631,181,47,2.1974451114157376
11632,181,48,2.1777254944480484
11633,181,49,2.157305997974891
11634,181,50,2.136564195692787
11635,181,51,2.115880893823774
11636,181,52,2.095635558452099
11637,181,53,2.076202100012683
11638,181,54,2.0579449368845024
11639,181,55,2.0412152394847856
11640,181,56,2.02634724639562
11641,181,57,2.0136545455056694
11642,181,58,1.3758780364809862
11643,181,59,1.351945530133364
11644,181,60,1.3256326021916012
11645,181,61,1.2970904331095763
11646,181,62,1.266539503231094
11647,181,64,1.2006215852876112
11648,182,0,1.5328857868134833
11649,182,1,1.4617893486949824
11650,182,2,1.3936618342846427
11651,182,3,1.3290855986200856
11652,182,4,1.268640725218761
11653,182,5,1.2129011962151386
11654,182,6,1.454047028827433
11655,182,7,1.449672088263684
11656,182,8,1.4471608461346304
11657,182,9,1.4465531258166118
11658,182,10,1.4478415678345893
11659,182,11,1.4509710666403766
11660,182,12,1.4558397203022537
11661,182,13,1.4623012857185693
11662,182,14,1.4701690787331347
11663,182,15,1.4792212066488548
11664,182,16,1.4892069720053867
11665,182,17,1.4998542429096913
11666,182,18,1.5108775483281467
11667,182,19,1.521986627986131
11668,182,20,1.5328951470208885
11669,182,21,1.5433292761208568
11670,182,22,2.0205641563332954
11671,182,23,2.037747370132624
11672,182,24,2.0567247619516453
11673,182,25,2.07714208878171
11674,182,26,2.098603345868917
11675,182,27,2.120681501028738
11676,182,28,2.142930048946852
11677,182,29,2.1648949804012623
11678,182,30,2.1861267583590935
11679,182,31,2.2061919067599325
11680,182,32,2.224683847379028
11681,182,33,2.241232663649165
11682,182,34,2.2555135252879226
11683,182,35,2.2672535711313015
11684,182,36,2.276237116493858
11685,182,37,2.282309122275742
11686,182,38,2.2853769325409345
11687,182,39,2.285410352193489
11688,182,40,2.282440193802163
11689,182,41,2.2765554701551225
11690,182,42,2.2678994449277656
11691,182,43,2.256664776737197
11692,182,44,2.2430880013590797
11693,182,45,2.227443593233108
11694,182,46,2.210037831506548
11695,182,47,2.1912026693124
11696,182,48,2.1712897698349503
11697,182,49,2.1506648314806216
11698,182,50,2.129702279920461
11699,182,51,2.1087803597985553
11700,182,52,2.088276616366919
11701,182,53,2.06856371987875
11702,182,54,2.050005555577383
11703,182,55,2.0329534814230112
11704,182,56,2.0177426456028105
11705,182,57,2.004688257034104
11706,182,58,1.3771870697240698
11707,182,59,1.3527602629156281
11708,182,60,1.3259480227344604
11709,182,61,1.2969097442409405
11710,182,62,1.2658748389374375
11711,182,64,1.1990630600229075
11712,183,0,1.5268380370838783
11713,183,1,1.456216087224554
11714,183,2,1.3887224100774933
11715,183,3,1.324919677538219
11716,183,4,1.2653662441236218
11717,183,5,1.2106128138136212
11718,183,6,1.4599772337186048
11719,183,7,1.4563212074584895
11720,183,8,1.4545075368034595
11721,183,9,1.4545709915377532
11722,183,10,1.456499087973087
11723,183,11,1.4602315934677021
11724,183,12,1.4656615614888409
11725,183,13,1.4726378870780308
11726,183,14,1.4809693184595156
11727,183,15,1.4904298079184142
11728,183,16,1.5007650358968416
11729,183,17,1.5116998983414753
11730,183,18,1.522946710344477
11731,183,19,1.5342138504794074
11732,183,20,1.545214551087779
11733,183,21,2.0079126663906655
11734,183,22,2.0227990358752055
11735,183,23,2.0397030959237825
11736,183,24,2.0583322217287843
11737,183,25,2.0783433255661947
11738,183,26,2.0993520065596583
11739,183,27,2.120942918535534
11740,183,28,2.1426809822978434
11741,183,29,2.164123046833326
11742,183,30,2.1848295990688094
11743,183,31,2.2043761335924064
11744,183,32,2.2223638211964425
11745,183,33,2.2384291564779306
11746,183,34,2.252252317707608
11747,183,35,2.263564033931375
11748,183,36,2.272150821640095
11749,183,37,2.2778585229985464
11750,183,38,2.2805941462144013
11751,183,39,2.280326072960626
11752,183,40,2.277082754957001
11753,183,41,2.27095006943389
11754,183,42,2.2620675393707756
11755,183,43,2.2506236478955923
11756,183,44,2.236850486515655
11757,183,45,2.2210179741032023
11758,183,46,2.2034278686408504
11759,183,47,2.1844077681359075
11760,183,48,2.1643052628682162
11761,183,49,2.1434823606972286
11762,183,50,2.1223102632586928
11763,183,51,2.1011645264013845
11764,183,52,2.0804205959972895
11765,183,53,2.06044967297258
11766,183,54,2.0416148313943134
11767,183,55,2.024267292598823
11768,183,56,2.0087427479951767
11769,183,57,1.99535762402252
11770,183,58,1.377792419627267
11771,183,59,1.3528975128914662
11772,183,60,1.3256191938947364
11773,183,61,1.2961248916531976
11774,183,62,1.2646525862520495
11775,183,64,1.1970572572134932
11776,184,0,1.5234543368481162
11777,184,1,1.4533912035694627
11778,184,2,1.3866091220967265
11779,184,3,1.3236502621737798
11780,184,4,1.2650504871240893
11781,184,5,1.2113365294751797
11782,184,6,1.465029280143467
11783,184,7,1.4620650732102778
11784,184,8,1.460921222345747
11785,184,9,1.4616277814534173
11786,184,10,1.4641675440897393
11787,184,11,1.4684756063536333
11788,184,12,1.4744404756050344
11789,184,13,1.4819067124165661
11790,184,14,1.4906790382405017
11791,184,15,1.500527787998048
11792,184,16,1.511195537129916
11793,184,17,1.5224046884371936
11794,184,18,1.5338657669638054
11795,184,19,1.545286142660594
11796,184,20,1.5563788817662072
11797,184,21,2.0103895553712765
11798,184,22,2.025060916129719
11799,184,23,2.041668109487916
11800,184,24,2.0599289203984252
11801,184,25,2.0795115412718914
11802,184,26,2.1000433403477694
11803,184,27,2.121120860598555
11804,184,28,2.1423206868224516
11805,184,29,2.1632107951228794
11806,184,30,2.1833619921838325
11807,184,31,2.2023590614694677
11808,184,32,2.219811258780923
11809,184,33,2.2353618388625547
11810,184,34,2.248696345717332
11811,184,35,2.2595494592253007
11812,184,36,2.2677102564659033
11813,184,37,2.2730258145366062
11814,184,38,2.2754031493205726
11815,184,39,2.274809548405715
11816,184,40,2.271271413309499
11817,184,41,2.2648717738630983
11818,184,42,2.255746674146732
11819,184,43,2.2440806534704114
11820,184,44,2.230101556972252
11821,184,45,2.2140749085751974
11822,184,46,2.196298065102081
11823,184,47,2.1770943457287832
11824,184,48,2.156807297630348
11825,184,49,2.1357952190506415
11826,184,50,2.1144260178027907
11827,184,51,2.093072439231311
11828,184,52,2.0721076557721587
11829,184,53,2.0519011731021526
11830,184,54,2.0328149778299034
11831,184,55,2.015199830660499
11832,184,56,1.999391598331924
11833,184,57,1.9857075181148842
11834,184,58,1.3776973110471382
11835,184,59,1.3523640655074856
11836,184,60,1.3246563921564711
11837,184,61,1.2947495283624166
11838,184,62,1.2628896147995605
11839,184,64,1.1946268219872458
11840,185,0,1.5227758519161771
11841,185,1,1.4533546463333749
11842,185,2,1.3873603033616917
11843,185,3,1.325313709340943
11844,185,4,1.267727517887288
11845,185,5,1.2151038453975935
11846,185,6,1.4691428189947604
11847,185,7,1.4668415410961861
11848,185,8,1.4663382006848356
11849,185,9,1.4676584835841155
11850,185,10,1.470780868443558
11851,185,11,1.4756362386102415
11852,185,12,1.482109052834255
11853,185,13,1.4900400600538553
11854,185,14,1.4992304878614129
11855,185,15,1.5094475803850538
11856,185,16,1.5204313112202645
11857,185,17,1.531902052582307
11858,185,18,1.5435689447108472
11859,185,19,1.555138681181601
11860,185,20,1.566324407302359
11861,185,21,2.0128900251164947
11862,185,22,2.0273319118000748
11863,185,23,2.0436256629566447
11864,185,24,2.0614995338223046
11865,185,25,2.0806330961459474
11866,185,26,2.100665624115815
11867,185,27,2.1212057225278174
11868,185,28,2.1418418462585382
11869,185,29,2.162153335023346
11870,185,30,2.181721578715544
11871,185,31,2.200140936272378
11872,185,32,2.217029054172024
11873,185,33,2.2320362677970467
11874,185,34,2.2448538178473254
11875,185,35,2.2552206720862893
11876,185,36,2.2629288069304145
11877,185,37,2.2678268705052917
11878,185,38,2.2698222155086465
11879,185,39,2.2688813533767873
11880,185,40,2.2650289379558766
11881,185,41,2.2583454346581036
11882,185,42,2.2489636679922844
11883,185,43,2.2370644650768403
11884,185,44,2.222871624625884
11885,185,45,2.2066464399996195
11886,185,46,2.188681991964325
11887,185,47,2.169297403182814
11888,185,48,2.148832214070558
11889,185,49,2.127641000861139
11890,185,50,2.1060883141886317
11891,185,51,2.0845439730322455
11892,185,52,2.0633787073008043
11893,185,53,2.0429601053286666
11894,185,54,2.0236487924780717
11895,185,55,2.0057947458333567
11896,185,56,1.9897336390296583
11897,185,57,1.9757831113657995
11898,185,58,1.376912329886051
11899,185,59,1.3511740221709416
11900,185,60,1.323077133462632
11901,185,61,1.2928044395602363
11902,185,62,1.260609789580328
11903,185,64,1.1918010407027224
11904,186,0,1.5248339201622807
11905,186,1,1.4561362768337385
11906,186,2,1.3910039745351168
11907,186,3,1.3299358755195447
11908,186,4,1.2734207513021294
11909,186,5,1.2219355081081555
11910,186,6,1.4722632562401545
11911,186,7,1.470594307990941
11912,186,8,1.4707006962585596
11913,186,9,1.4726040953474877
11914,186,10,1.4762790817670868
11915,186,11,1.4816527857286805
11916,186,12,1.4886061122718106
11917,186,13,1.496976515400563
11918,186,14,1.506562252323345
11919,186,15,1.5171279905015393
11920,186,16,1.5284115897356183
11921,186,17,1.540131836841339
11922,186,18,1.5519968732911051
11923,186,19,1.5637130279586495
11924,186,20,1.5749937489406094
11925,186,21,2.0153960574647836
11926,186,22,2.02959487410514
11927,186,23,2.045559783225432
11928,186,24,2.0630295487577537
11929,186,25,2.0816951954432503
11930,186,26,2.101208011928834
11931,186,27,2.121188807112491
11932,186,28,2.1412380802706146
11933,186,29,2.160946738804878
11934,186,30,2.1799069868737493
11935,186,31,2.197723013756253
11936,186,32,2.2140211318047784
11937,186,33,2.2284590488404925
11938,186,34,2.2407340067622874
11939,186,35,2.2505895743956774
11940,186,36,2.2578209452404217
11941,186,37,2.262278656598163
11942,186,38,2.2638707123243225
11943,186,39,2.2625631540027635
11944,186,40,2.258379181794895
11945,186,41,2.2513969740724544
11946,186,42,2.241746392227847
11947,186,43,2.229604782398847
11948,186,44,2.2151920985446263
11949,186,45,2.1987655713583956
11950,186,46,2.180614135569465
11951,186,47,2.1610528055786253
11952,186,48,2.1404171579437214
11953,186,49,2.119058041291365
11954,186,50,2.097336592396265
11955,186,51,2.0756195942312354
11956,186,52,2.0542751705536118
11957,186,53,2.033668774722927
11958,186,54,2.014159400319191
11959,186,55,1.9960959197118182
11960,186,56,1.9798134454495793
11961,186,57,1.9656296090261476
11962,186,58,1.375455327928011
11963,186,59,1.3493486850429024
11964,186,60,1.3209060388635137
11965,186,61,1.2903173902785823
11966,186,62,1.2578438020715672
11967,186,64,1.1886156441638773
11968,187,0,1.5296498970102206
11969,187,1,1.461755718567057
11970,187,2,1.3975576984952889
11971,187,3,1.3375319775363155
11972,187,4,1.2821428211320756
11973,187,5,1.2318413837995996
11974,187,6,1.4743421388249354
11975,187,7,1.4732733151411634
11976,187,8,1.473957278212782
11977,187,9,1.4764120546894621
11978,187,10,1.480608735059616
11979,187,11,1.4864711555013426
11980,187,12,1.4938771580219434
11981,187,13,1.5026614106913954
11982,187,14,1.5126197129232626
11983,187,15,1.5235146559151298
11984,187,16,1.5350824575631277
11985,187,17,1.5470407463167923
11986,187,18,1.5590970312478152
11987,187,19,1.5709575675133471
11988,187,20,1.5823363085280222
11989,187,21,2.0178904367522823
11990,187,22,2.0318334950236996
11991,187,23,2.0474553724277604
11992,187,24,2.064505358054165
11993,187,25,2.082685977909072
11994,187,26,2.1016606154514377
11995,187,27,2.1210623957163643
11996,187,28,2.1405040050729105
11997,187,29,2.159588090367425
11998,187,30,2.177917868751448
11999,187,31,2.1951075830118367
12000,187,32,2.21079245607999
12001,187,33,2.2246378312544883
12002,187,34,2.2363472295510696
12003,187,35,2.245669109994372
12004,187,36,2.252402179694126
12005,187,37,2.2563991650701145
12006,187,38,2.2575690203905485
12007,187,39,2.255877611734959
12008,187,40,2.2513469706914537
12009,187,41,2.244053260035921
12010,187,42,2.2341236313060717
12011,187,43,2.2217321801603105
12012,187,44,2.207095218942475
12013,187,45,2.1904660868862518
12014,187,46,2.1721297074928256
12015,187,47,2.1523970810416926
12016,187,48,2.1315998697453824
12017,187,49,2.110085195985888
12018,187,50,2.0882107329514863
12019,187,51,2.0663401245869144
12020,187,52,2.044838730865502
12021,187,53,2.0240696576513555
12022,187,54,2.004390000232362
12023,187,55,1.9861472079545386
12024,187,56,1.9696754657419113
12025,187,57,1.9552919875100685
12026,187,58,1.3733512540083523
12027,187,59,1.346916367675522
12028,187,60,1.318174625734514
12029,187,61,1.2873228985637792
12030,187,62,1.254628926988819
12031,187,64,1.1851125373982783
12032,188,0,1.5372350468322593
12033,188,1,1.4702222534605522
12034,188,2,1.4070284823832466
12035,188,3,1.3481065012154214
12036,188,4,1.2938954959293663
12037,188,5,1.24482038201117
12038,188,6,1.47533749367222
12039,188,7,1.474835104160296
12040,188,8,1.4760632313574213
12041,188,9,1.4790366238445334
12042,188,10,1.4837233039073634
12043,188,11,1.4900442706065053
12044,188,12,1.4978747877367888
12045,188,13,1.5070472371890073
12046,188,14,1.517355460888116
12047,188,15,1.5285604592546458
12048,188,16,1.540397263072476
12049,188,17,1.5525827506648953
12050,188,18,1.5648241450954763
12051,188,19,1.5768278981654194
12052,188,20,1.5883086503953765
12053,188,21,2.0203568502658102
12054,188,22,2.034032405105327
12055,188,23,2.0492983015884927
12056,188,24,2.0659143486929272
12057,188,25,2.0835945968230254
12058,188,26,2.1020145766990677
12059,188,27,2.1208198115365096
12060,188,28,2.139635286101625
12061,188,29,2.1580755263463978
12062,188,30,2.175754929003159
12063,188,31,2.192297981979197
12064,188,32,2.207349033101758
12065,188,33,2.220581295479369
12066,188,34,2.231704820581973
12067,188,35,2.2404732226807456
12068,188,36,2.2466889977047084
12069,188,37,2.2502073427845133
12070,188,38,2.2509384465852618
12071,188,39,2.248848281865154
12072,188,40,2.2439579876403974
12073,188,41,2.236341976357715
12074,188,42,2.2261249395287566
12075,188,43,2.2134779519028083
12076,188,44,2.1986138886304767
12077,188,45,2.181782371865445
12078,188,46,2.163264453402473
12079,188,47,2.1433672194311435
12080,188,48,2.122418474032635
12081,188,49,2.100761621858618
12082,188,50,2.078750830040826
12083,188,51,2.056746507514829
12084,188,52,2.035111099371796
12085,188,53,2.014205157236078
12086,188,54,1.9943836164033633
12087,188,55,1.975992188570433
12088,188,56,1.959363766943753
12089,188,57,1.9448147392389232
12090,188,58,1.3706319126719932
12091,188,59,1.3439121327732593
12092,188,60,1.3149210259576436
12093,188,61,1.2838619356565382
12094,188,62,1.2510087062924196
12095,188,64,1.1813394577119265
12096,189,0,1.5475904805589127
12097,189,1,1.4815347652062116
12098,189,2,1.4194127274167783
12099,189,3,1.3616531582834857
12100,189,4,1.3086696434869707
12101,189,5,1.260860427921121
12102,189,6,1.4752141169899775
12103,189,7,1.4752431229775418
12104,189,8,1.47698087676019
12105,189,9,1.4804392224611862
12106,189,10,1.4855835319472612
12107,189,11,1.492332420173195
12108,189,12,1.5005590500369104
12109,189,13,1.5100940062412698
12110,189,14,1.5207296599090532
12111,189,15,1.5322258901506103
12112,189,16,1.5443169775078602
12113,189,17,1.5567194391229693
12114,189,18,1.56914053832395
12115,189,19,1.581287173526281
12116,189,20,1.5928748340336685
12117,189,21,2.0227799820389896
12118,189,22,2.0361772641927374
12119,189,23,2.0510754968167566
12120,189,24,2.067244982056619
12121,189,25,2.0844112930252567
12122,189,26,2.1022621325888418
12123,189,27,2.1204554745438684
12124,189,28,2.1386286823166696
12125,189,29,2.1564082688604667
12126,189,30,2.17341994524257
12127,189,31,2.189298604821606
12128,189,32,2.203697904478512
12129,189,33,2.216299132938202
12130,189,34,2.2268190970092014
12131,189,35,2.2350168072401244
12132,189,36,2.2406988022906433
12133,189,37,2.2437230132143364
12134,189,38,2.2440011317096413
12135,189,39,2.24149950711688
12136,189,40,2.2362386526291065
12137,189,41,2.22829148929335
12138,189,42,2.2177804948277613
12139,189,43,2.204873951559208
12140,189,44,2.1897815030225574
12141,189,45,2.172749231756685
12142,189,46,2.154054462053957
12143,189,47,2.1340004719759462
12144,189,48,2.1129112705117548
12145,189,49,2.0911265604682114
12146,189,50,2.068996968031878
12147,189,51,2.046879578625677
12148,189,52,2.0251337784486427
12149,189,53,2.004117364589097
12150,189,54,1.984182856247681
12151,189,55,1.9656739174259998
12152,189,56,1.9489217889632902
12153,189,57,1.9342416259892774
12154,189,58,1.3673356522364128
12155,189,59,1.3403774591294637
12156,189,60,1.3111896332410864
12157,189,61,1.2799815554610088
12158,189,62,1.2470325628152903
12159,189,64,1.177349563530368
12160,190,0,1.5607071395542529
12161,190,1,1.495681729727714
12162,190,2,1.4346962265154908
12163,190,3,1.3781548915658022
12164,190,4,1.326445243856601
12165,190,5,1.2799384832699894
12166,190,6,1.4739438115434775
12167,190,7,1.4744679792231945
12168,190,8,1.4766798393016216
12169,190,9,1.480588707275854
12170,190,10,1.4861577205371312
12171,190,11,1.493303557288645
12172,190,12,1.5018977476958537
12173,190,13,1.5117695560149609
12174,190,14,1.5227103543596914
12175,190,15,1.534479352965248
12176,190,16,1.5468105003733346
12177,190,17,1.559420321830975
12178,190,18,1.5720164270906773
12179,190,19,1.584306391161819
12180,190,20,1.5960066944997433
12181,190,21,2.025145599375327
12182,190,22,2.0382548444495563
12183,190,23,2.0527750174521797
12184,190,24,2.0684868658707263
12185,190,25,2.0851274594067446
12186,190,26,2.1023966708191333
12187,190,27,2.1199649476904328
12188,190,28,2.1374820817807567
12189,190,29,2.1545866496195587
12190,190,30,2.1709157799541385
12191,190,31,2.1861149010363836
12192,190,32,2.1998471331513247
12193,190,33,2.2118020182233677
12194,190,34,2.2217033170795712
12195,190,35,2.2293156537516636
12196,190,36,2.234449842376781
12197,190,37,2.2369667928403016
12198,190,38,2.23677995318876
12199,190,39,2.2338563069497717
12200,190,40,2.2282159989349744
12201,190,41,2.219930711305047
12202,190,42,2.209120950530408
12203,190,43,2.195952433830228
12204,190,44,2.180631779785427
12205,190,45,2.163401711832671
12206,190,46,2.1445359756582882
12207,190,47,2.124334153161491
12208,190,48,2.1031165282541706
12209,190,49,2.081219125394637
12210,190,50,2.058989002856404
12211,190,51,2.036779841970508
12212,190,52,2.0149478336808984
12213,190,53,1.9938478273642808
12214,190,54,1.9738296764052587
12215,190,55,1.9552346925353359
12216,190,56,1.9383921080084898
12217,190,57,1.9236154422917853
12218,190,58,1.3635069849226646
12219,190,59,1.3363598405460613
12220,190,60,1.3070306825150824
12221,190,61,1.2757344563560373
12222,190,62,1.2427553466628094
12223,190,64,1.1732009573145274
12224,191,0,1.5765658255703983
12225,191,1,1.512641252586465
12226,191,2,1.4528542095350752
12227,191,3,1.3975839282632072
12228,191,4,1.3471914507138871
12229,191,5,1.3020206156881704
12230,191,6,1.471505570023407
12231,191,7,1.4724876390057744
12232,191,8,1.4751372599890558
12233,191,9,1.4794615959935395
12234,191,10,1.485421962169898
12235,191,11,1.4929335398851356
12236,191,12,1.5018666839445993
12237,191,13,1.5120498012008077
12238,191,14,1.5232737204521885
12239,191,15,1.5352974175437868
12240,191,16,1.5478549080399244
12241,191,17,1.5606630746898507
12242,191,18,1.5734301598744955
12243,191,19,1.5858646257440976
12244,191,20,1.5976840679310615
12245,191,21,2.0274406315310443
12246,191,22,2.040253105141298
12247,191,23,2.054386125636511
12248,191,24,2.0696308173230413
12249,191,25,2.085735696410545
12250,191,26,2.1024127766745337
12251,191,27,2.119344974037018
12252,191,28,2.1361945282341495
12253,191,29,2.1526121251820163
12254,191,30,2.1682463837838597
12255,191,31,2.1827533662491265
12256,191,32,2.195805781281269
12257,191,33,2.207101573786193
12258,191,34,2.216371631451205
12259,191,35,2.2233863854773275
12260,191,36,2.227961137304879
12261,191,37,2.22996000243876
12262,191,38,2.2292984233908113
12263,191,39,2.2259442632551596
12264,191,40,2.2199175466257963
12265,191,41,2.2112889628706704
12266,191,42,2.200177286047768
12267,191,43,2.186745894381619
12268,191,44,2.171198589224657
12269,191,45,2.153774918475465
12270,191,46,2.1347452028477227
12271,191,47,2.114405446148229
12272,191,48,2.093072284372921
12273,191,49,2.0710780949925973
12274,191,50,2.048766349668287
12275,191,51,2.026487253433982
12276,191,52,2.004593673819986
12277,191,53,1.9834373271035697
12278,191,54,1.9633651582895473
12279,191,55,1.944715828614064
12280,191,56,1.927816210932596
12281,191,57,1.912977790337045
12282,191,58,1.3591961424424381
12283,191,59,1.3319123202768564
12284,191,60,1.3024997650818175
12285,191,61,1.2711784791464085
12286,191,62,1.2382368182839327
12287,191,64,1.1689561465916878
12288,192,0,1.5951372763569838
12289,192,1,1.5323811528920972
12290,192,2,1.473851435665623
12291,192,3,1.419901880854838
12292,192,4,1.3708667006074557
12293,192,5,1.32706211595791
12294,192,6,1.4678857031290573
12295,192,7,1.46928756952883
12296,192,8,1.4723379513223933
12297,192,9,1.4770422335304527
12298,192,10,1.4833603156681012
12299,192,11,1.491206312942349
12300,192,12,1.500449849751163
12301,192,13,1.5109189234834453
12302,192,14,1.52240425808196
12303,192,15,1.5346650107136866
12304,192,16,1.547435643294722
12305,192,17,1.5604337254873888
12306,192,18,1.5733683988482174
12307,192,19,1.585949204490397
12308,192,20,1.5978949600228505
12309,192,21,2.029653240043868
12310,192,22,2.0421612586755185
12311,192,23,2.0558993468449556
12312,192,24,2.0706689169317674
12313,192,25,2.0862298581595256
12314,192,26,2.1023062704236164
12315,192,27,2.118593504527763
12316,192,28,2.1347662384561508
12317,192,29,2.150487283222508
12318,192,30,2.1654167901462342
12319,192,31,2.179221524707912
12320,192,32,2.1915838802954015
12321,192,33,2.202210327314858
12322,192,34,2.210839027796945
12323,192,35,2.217246390694329
12324,192,36,2.2212523960038495
12325,192,37,2.2227245737980854
12326,192,38,2.2215805841909324
12327,192,39,2.2177894031543004
12328,192,40,2.2113711740571946
12329,192,41,2.2023958332147813
12330,192,42,2.1909806574350292
12331,192,43,2.177286910882278
12332,192,44,2.161515786493379
12333,192,45,2.1439038432848863
12334,192,46,2.1247181354413467
12335,192,47,2.1042512129729802
12336,192,48,2.082816148452288
12337,192,49,2.0607417118497913
12338,192,50,2.038367778132622
12339,192,51,2.016041012653147
12340,192,52,1.994110840123258
12341,192,53,1.9729256667757393
12342,192,54,1.9528292945888568
12343,192,55,1.9341574432877444
12344,192,56,1.9172342818726804
12345,192,57,1.9023688677436212
12346,192,58,1.3544585711232502
12347,192,59,1.327092965235926
12348,192,60,1.2976572839035767
12349,192,61,1.2663760456627524
12350,192,62,1.2335410728267497
12351,192,64,1.1646814478586447
12352,193,0,1.6163822862680113
12353,193,1,1.5548590930458044
12354,193,2,1.4976423323096484
12355,193,3,1.4450598949314422
12356,193,4,1.3974188693880185
12357,193,5,1.355007662500087
12358,193,6,1.463077911487641
12359,193,7,1.4648608245020376
12360,193,8,1.4682744945155817
12361,193,9,1.4733228992887468
12362,193,10,1.4799649217125426
12363,193,11,1.4881140304608669
12364,193,12,1.4976395504509923
12365,193,13,1.5083695010903038
12366,193,14,1.5200949216313944
12367,193,15,1.5325755467760587
12368,193,16,1.5455466440670147
12369,193,17,1.5587267795335755
12370,193,18,1.5718262412339337
12371,193,19,1.584555823189569
12372,193,20,1.596635655816652
12373,193,21,2.031772880251505
12374,193,22,2.0439698274692604
12375,193,23,2.057306520977677
12376,193,24,2.071594552802616
12377,193,25,2.0866050888978602
12378,193,26,2.1020742350503516
12379,193,27,2.117709716211826
12380,193,28,2.133198610278862
12381,193,29,2.1482158397460895
12382,193,30,2.1624331011567643
12383,193,31,2.1755279035641664
12384,193,32,2.1871923932580652
12385,193,33,2.197141662049201
12386,193,34,2.205121269024198
12387,193,35,2.21091374888625
12388,193,36,2.214343931318148
12389,193,37,2.2152829524441455
12390,193,38,2.213650898440644
12391,193,39,2.2094180796382723
12392,193,40,2.2026049881811223
12393,193,41,2.1932810408472574
12394,193,42,2.181562248776568
12395,193,43,2.167607985898448
12396,193,44,2.1516170466961726
12397,193,45,2.1338231911223176
12398,193,46,2.1144903701808584
12399,193,47,2.0939078107430933
12400,193,48,2.072385113974181
12401,193,49,2.0502474902204066
12402,193,50,2.0278312166364407
12403,193,51,2.0054793647655917
12404,193,52,1.9835378063852647
12405,193,53,1.9623514698179718
12406,193,54,1.9422607880234974
12407,193,55,1.9235982562450409
12408,193,56,1.9066850024519977
12409,193,57,1.8918272694334566
12410,193,58,1.8793127136676255
12411,193,59,1.3219642848739552
12412,193,60,1.2925678540791963
12413,193,61,1.2613935431878875
12414,193,62,1.228735911062986
12415,193,64,1.1604463387870894
12416,194,0,1.6402518709808986
12417,194,1,1.580022753414027
12418,194,2,1.524171179522143
12419,194,3,1.472998843029125
12420,194,4,1.4267854748782571
12421,194,5,1.3857915321416332
12422,194,6,1.4570833010398745
12423,194,7,1.4592080718171951
12424,194,8,1.4629472778997976
12425,194,9,1.4683038546605753
12426,194,10,1.475236057790021
12427,194,11,1.4836571161965346
12428,194,12,1.493436470639935
12429,194,13,1.5044025762703113
12430,194,14,1.5163471885395439
12431,194,15,1.5290309957687218
12432,194,16,1.5421904100992176
12433,194,17,1.5555452835764907
12434,194,18,1.5688072794295485
12435,194,19,1.5816886016349612
12436,194,20,1.593910769662352
12437,194,21,2.0337903536047666
12438,194,22,2.045670691277558
12439,194,23,2.058600843681191
12440,194,24,2.0724024549873876
12441,194,25,2.086857849507809
12442,194,26,2.101715034135552
12443,194,27,2.1166940207887226
12444,194,28,2.131494221194315
12445,194,29,2.1458026272581114
12446,194,30,2.159302464971592
12447,194,31,2.1716819990963008
12448,194,32,2.1826431697999946
12449,194,33,2.1919097603424333
12450,194,34,2.1992348254992296
12451,194,35,2.2044071517586135
12452,194,36,2.207256570036885
12453,194,37,2.207657996992664
12454,194,38,2.2055341390336864
12455,194,39,2.2008568508104553
12456,194,40,2.193647194493074
12457,194,41,2.1839742947998326
12458,194,42,2.1719531253444275
12459,194,43,2.157741392646171
12460,194,44,2.1415357039385214
12461,194,45,2.1235672131829637
12462,194,46,2.1040969365663678
12463,194,47,2.0834109149840465
12464,194,48,2.0618153779263895
12465,194,49,2.039632032637165
12466,194,50,2.017193566636253
12467,194,51,1.9948394132076597
12468,194,52,1.9729117908808174
12469,194,53,1.9517519918931432
12470,194,54,1.9316968635586258
12471,194,55,1.9130754025167032
12472,194,56,1.8962053667028278
12473,194,57,1.8813898047416846
12474,194,58,1.8689134078885457
12475,194,59,1.316592600239549
12476,194,60,1.2872996541762138
12477,194,61,1.2563006605069804
12478,194,62,1.2238921627869639
12479,194,64,1.1563227647826522
12480,195,0,1.6666874752219991
12481,195,1,1.6078100508057824
12482,195,2,1.5533723388681726
12483,195,3,1.5036495633051494
12484,195,4,1.4588939246158037
12485,195,5,1.4193378559912888
12486,195,6,1.4499103420332737
12487,195,7,1.452337563479643
12488,195,8,1.4563644763618506
12489,195,9,1.461993330492709
12490,195,10,1.4691821321846037
12491,195,11,1.4778442626891017
12492,195,12,1.4878496767880274
12493,195,13,1.4990276601014711
12494,195,14,1.5111710649931855
12495,195,15,1.5240418888278517
12496,195,16,1.5373780068756142
12497,195,17,1.550900827311701
12498,195,18,1.56432359923252
12499,195,19,1.5773600778149246
12500,195,20,1.5897332347411082
12501,195,21,2.035697850444745
12502,195,22,2.0472571246853892
12503,195,23,2.0597768976414086
12504,195,24,2.073088719731072
12505,195,25,2.0869859339395713
12506,195,26,2.10122831978175
12507,195,27,2.1155480634306745
12508,195,28,2.129656817572071
12509,195,29,2.143253573973913
12510,195,30,2.1560330446874714
12511,195,31,2.167694235100332
12512,195,32,2.177948893901564
12513,195,33,2.186529540838672
12514,195,34,2.193196801717105
12515,195,35,2.197745819591492
12516,195,36,2.200011559206097
12517,195,37,2.1998728757785906
12518,195,38,2.1972552762833124
12519,195,39,2.1921323585083394
12520,195,40,2.184525967452628
12521,195,41,2.174505157448873
12522,195,42,2.1621840894675337
12523,195,43,2.1477190245833446
12524,195,44,2.1313045953418968
12525,195,45,2.113169546149812
12526,195,46,2.0935721318729072
12527,195,47,2.0727953512427058
12528,195,48,2.05114216971051
12529,195,49,2.0289308568293194
12530,195,50,2.0064905282734142
12531,195,51,1.9841569446914304
12532,195,52,1.9622685813405134
12533,195,53,1.9411629464698503
12534,195,54,1.921173095160766
12535,195,55,1.9026242609442483
12536,195,56,1.885830511744745
12537,195,57,1.871091330762385
12538,195,58,1.8586880274323982
12539,195,59,1.3110473693025835
12540,195,60,1.281923734647937
12541,195,61,1.2511696819418077
12542,195,62,1.2190829691578489
12543,195,64,1.1523844065115478
12544,196,0,1.6956212221807963
12545,196,1,1.638149399411241
12546,196,2,1.5851705253351427
12547,196,3,1.5369331416773095
12548,196,4,1.4936618072804908
12549,196,5,1.4555609190308914
12550,196,6,1.4415747722729448
12551,196,7,1.4442650483042774
12552,196,8,1.4485419721990718
12553,196,9,1.4544074547786705
12554,196,10,1.4618196171791165
12555,196,11,1.470692368666008
12556,196,12,1.4808965575837276
12557,196,13,1.4922626745800618
12558,196,14,1.504585028649332
12559,196,15,1.5176272605293142
12560,196,16,1.5311290066742482
12561,196,17,1.544813482347198
12562,196,18,1.5583957160312534
12563,196,19,1.5715911407508703
12564,196,20,2.027244977020888
12565,196,21,2.0374889829807388
12566,196,22,2.0487238245366295
12567,196,23,2.0608306736642383
12568,196,24,2.073650823470788
12569,196,25,2.0869884754694796
12570,196,26,2.100615030552785
12571,196,27,2.1142747119126786
12572,196,28,2.1276912945802464
12573,196,29,2.1405756742257105
12574,196,30,2.152633979025545
12575,196,31,2.163575913737969
12576,196,32,2.1731230248879663
12577,196,33,2.1810165896910223
12578,196,34,2.187024857908029
12579,196,35,2.1909494134843532
12580,196,36,2.192630469341681
12581,196,37,2.1919509614396016
12582,196,38,2.1888393643446156
12583,196,39,2.183271207090986
12584,196,40,2.1752693222123316
12585,196,41,2.164902909803563
12586,196,42,2.1522855400302157
12587,196,43,2.137572249794257
12588,196,44,2.1209559110063565
12589,196,45,2.102663058434656
12590,196,46,2.082949364370926
12591,196,47,2.0620949359817886
12592,196,48,2.040399590391677
12593,196,49,2.0181782339897
12594,196,50,1.9957564382958624
12595,196,51,1.973466267389108
12596,196,52,1.951642373972248
12597,196,53,1.9306183452186572
12598,196,54,1.9107232480668017
12599,196,55,1.8922782987780147
12600,196,56,1.8755935651248994
12601,196,57,1.8609646028001183
12602,196,58,1.8486689312124513
12603,196,59,1.3054004751161281
12604,196,60,1.2765132900645046
12605,196,61,1.2460747462290889
12606,196,62,1.2143830309530754
12607,196,64,1.1487059155056243
12608,197,0,1.726976203092111
12609,197,1,1.670960012652645
12610,197,2,1.6194811207277557
12611,197,3,1.5727612358374405
12612,197,4,1.530997226205598
12613,197,5,1.494365501817772
12614,197,6,1.432099445779794
12615,197,7,1.4350136283973043
12616,197,8,1.439503218294577
12617,197,9,1.4455701213771615
12618,197,10,1.453172922173211
12619,197,11,1.4622264154481424
12620,197,12,1.4726027025688548
12621,197,13,1.4841338324980353
12622,197,14,1.496615908854644
12623,197,15,1.5098145286461786
12624,197,16,1.5234713671610571
12625,197,17,1.5373116790366337
12626,197,18,1.5510524493809983
12627,197,19,1.564410902413465
12628,197,20,2.0291459475281655
12629,197,21,2.0391588082751104
12630,197,22,2.0500669271466263
12631,197,23,2.0617595814353877
12632,197,24,2.0740876265273616
12633,197,25,2.0868659427800997
12634,197,26,2.0998773794774808
12635,197,27,2.1128780361580093
12636,197,28,2.1256036669779337
12637,197,29,2.1377769502962543
12638,197,30,2.1491153350907934
12639,197,31,2.1593391591964406
12640,197,32,2.168179732052502
12641,197,33,2.175387086297253
12642,197,34,2.1807371271162963
12643,197,35,2.1840379440863575
12644,197,36,2.185135095190508
12645,197,37,2.183915724152381
12646,197,38,2.1803114274279953
12647,197,39,2.174299843181712
12648,197,40,2.1659049884835713
12649,197,41,2.155196420122594
12650,197,42,2.1422873364925827
12651,197,43,2.127331771083511
12652,197,44,2.1105210508566494
12653,197,45,2.0920797044559385
12654,197,46,2.072261005708862
12655,197,47,2.0513423277265783
12656,197,48,2.0296204632488086
12657,197,49,2.0074070393419987
12658,197,50,1.985024121224874
12659,197,51,1.9628000632461142
12660,197,52,1.9410656274281122
12661,197,53,1.9201503540977785
12662,197,54,1.9003791374085415
12663,197,55,1.8820689332140548
12664,197,56,1.8655255095929109
12665,197,57,1.8510401426602263
12666,197,58,1.8388861628778268
12667,197,59,1.2997254838263808
12668,197,60,1.2711429023188503
12669,197,61,1.2410910775332835
12670,197,62,1.2098678301296117
12671,197,64,1.1453621253816373
12672,198,0,1.7606668052737384
12673,198,1,1.706152244202944
12674,198,2,1.6562105267749212
12675,198,3,1.6110364393490775
12676,198,4,1.5707991731710402
12677,198,5,1.5356472624922963
12678,198,6,1.4215141284930122
12679,198,7,1.4246135609451127
12680,198,8,1.4292790450289283
12681,198,9,1.4355128010781972
12682,198,10,1.4432742079558687
12683,198,11,1.452479283523199
12684,198,12,1.4630017201689123
12685,198,13,1.4746754561634778
12686,198,14,1.4872987053776185
12687,198,15,1.5006393123097452
12688,198,16,1.51444124849507
12689,198,17,1.5284320221405583
12690,198,18,1.5423307369236692
12691,198,19,1.5558565096844403
12692,198,20,2.030924732954667
12693,198,21,2.040703841112587
12694,198,22,2.051284015219496
12695,198,23,2.0625624499277295
12696,198,24,2.074399366508322
12697,198,25,2.086620125934115
12698,198,26,2.0990188322444867
12699,198,27,2.1113632783829948
12700,198,28,2.1234010310206313
12701,198,29,2.1348664059790177
12702,198,30,2.145488053564943
12703,198,31,2.154996854575127
12704,198,32,2.1631338233790864
12705,198,33,2.169657724078352
12706,198,34,2.1743521283290654
12707,198,35,2.177031677438417
12708,198,36,2.177547354711877
12709,198,37,2.1757906242360083
12710,198,38,2.1716963465562964
12711,198,39,2.1652444371523876
12712,198,40,2.1564602873550642
12713,198,41,2.145414016699352
12714,198,42,2.132218668292199
12715,198,43,2.1170274926530586
12716,198,44,2.100030489254665
12717,198,45,2.0814503878401753
12718,198,46,2.061538253343344
12719,198,47,2.040568889343212
12720,198,48,2.018836196493547
12721,198,49,1.996648615860622
12722,198,50,1.9743247545988523
12723,198,51,1.9521892552303615
12724,198,52,1.9305689324957562
12725,198,53,1.9097891658753752
12726,198,54,1.8901705039049495
12727,198,55,1.872025410544103
12728,198,56,1.8556550659444677
12729,198,57,1.8413461253699528
12730,198,58,1.829367341544513
12731,198,59,1.2940968799015284
12732,198,60,1.2658877623273013
12733,198,61,1.2362941962403189
12734,198,62,1.2056128324429876
12735,198,64,1.1424272465586598
12736,199,0,1.7965990767263418
12737,199,1,1.7436279662432517
12738,199,2,1.6952565559908404
12739,199,3,1.651652683850166
12740,199,4,1.61295794048642
12741,199,5,1.579293157094143
12742,199,6,1.4098552431223976
12743,199,7,1.4131020073150327
12744,199,8,1.417907412840792
12745,199,9,1.4242742968464952
12746,199,10,1.4321631438883347
12747,199,11,1.441491510978552
12748,199,12,1.452134996756147
12749,199,13,1.4639297365562443
12750,199,14,1.4766763472094573
12751,199,15,1.4901451901024088
12752,199,16,1.5040827704535615
12753,199,17,1.5182190468128522
12754,199,18,1.532275389144352
12755,199,19,1.545972897859118
12756,199,20,2.0325784323853915
12757,199,21,2.0421220567039855
12758,199,22,2.052374114466535
12759,199,23,2.063239517501702
12760,199,24,2.07458764151906
12761,199,25,2.0862541123916403
12762,199,26,2.0980440757920333
12763,199,27,2.109736814099484
12764,199,28,2.12109151779181
12765,199,29,2.131853972232314
12766,199,30,2.1417638867534543
12767,199,31,2.1505625724713457
12768,199,32,2.158000668885953
12769,199,33,2.163845626869123
12770,199,34,2.1678886762682743
12771,199,35,2.1699510385811323
12772,199,36,2.1698891869704755
12773,199,37,2.16759900484663
12774,199,38,2.1630187476183735
12775,199,39,2.1561307671260663
12776,199,40,2.146962011859871
12777,199,41,2.1355833656257888
12778,199,42,2.1221079304464405
12779,199,43,2.106688394185934
12780,199,44,2.0895136482009713
12781,199,45,2.070804834363901
12782,199,46,2.0508110038233474
12783,199,47,2.029804562239543
12784,199,48,2.0080766589291494
12785,199,49,1.9859326518904328
12786,199,50,1.9636877490136542
12787,199,51,1.9416628902058966
12788,199,52,1.9201808981678885
12789,199,53,1.8995628897048185
12790,199,54,1.8801249071987611
12791,199,55,1.8621747034538105
12792,199,56,1.8460085944258222
12793,199,57,1.8319082847785753
12794,199,58,1.820137571626258
12795,199,59,1.288589286235873
12796,199,60,1.2608228780258486
12797,199,61,1.2317591174559162
12798,199,62,1.2016926791473141
12799,199,64,1.139974052623952
12800,200,0,1.8346711252344714
12801,200,1,1.7832809828584895
12802,200,2,1.7365088581578896
12803,200,3,1.6944956772050013
12804,200,4,1.657355569193731
12805,200,5,1.6251818960124627
12806,200,6,1.3971655657018835
12807,200,7,1.4005227319343252
12808,200,8,1.405433112825091
12809,200,9,1.4119004455602386
12810,200,10,1.4198866102528325
12811,200,11,1.4293109959940171
12812,200,12,1.4400513988983172
12813,200,13,1.4519464350316913
12814,200,14,1.4647993935135917
12815,200,15,1.4783834001361078
12816,200,16,1.4924477116110244
12817,200,17,1.5067249169322627
12818,200,18,1.5209387869759614
12819,200,19,1.5348124876979337
12820,200,20,2.034105604142328
12821,200,21,2.0434128832475373
12822,200,22,2.0533376799976373
12823,200,23,2.0637924118210633
12824,200,24,2.0746553833560846
12825,200,25,2.0857722532972494
12826,200,26,2.096958977571314
12827,200,27,2.1080061043058462
12828,200,28,2.118684238342718
12829,200,29,2.1287504453592945
12830,200,30,2.1379553299665464
12831,200,31,2.146050499790877
12832,200,32,2.152796119159042
12833,200,33,2.1579682615289566
12834,200,34,2.1613657884899453
12835,200,35,2.1628165136050517
12836,200,36,2.162182449645257
12837,200,37,2.159363985491273
12838,200,38,2.1543028914657802
12839,200,39,2.146984106258646
12840,200,40,2.137436312060672
12841,200,41,2.125731354308762
12842,200,42,2.1119826061283926
12843,200,43,2.096342413103638
12844,200,44,2.078998779881672
12845,200,45,2.0601714753769564
12846,200,46,2.0401077376492087
12847,200,47,2.019077753185386
12848,200,48,1.9973700692180625
12849,200,49,1.975287073303442
12850,200,50,1.9531406435615786
12851,200,51,1.9312480379952184
12852,200,52,1.9099280546139648
12853,200,53,1.8894974582347757
12854,200,54,1.8702676372755973
12855,200,55,1.852541426862556
12856,200,56,1.836610015047134
12857,200,57,1.822749838339118
12858,200,58,1.8112193720229155
12859,200,59,1.2832766769915964
12860,200,60,1.2560222766634306
12861,200,61,1.2275595453270411
12862,200,62,1.1981803759893204
12863,200,64,1.1380730666789574
12864,201,0,1.874773549753149
12865,201,1,1.8249974763124488
12866,201,2,1.7798493801376776
12867,201,3,1.739443375286301
12868,201,4,1.7038663310549507
12869,201,5,1.6731844342298254
12870,201,6,1.3834938768140217
12871,201,7,1.3869257538490558
12872,201,8,1.391907418207659
12873,201,9,1.398443769027392
12874,201,10,1.4064983484982496
12875,201,11,1.4159926460804266
12876,201,12,1.4268069214394918
12877,201,13,1.4387825301846575
12878,201,14,1.4517256793068767
12879,201,15,1.4654124846749712
12880,201,16,1.4795951531105374
12881,201,17,1.494009068301614
12882,201,18,1.5083805247624082
12883,201,19,1.5224348285285711
12884,201,20,2.0355062542733973
12885,201,21,2.044577184444184
12886,201,22,2.0541765726327563
12887,201,23,2.064224119782355
12888,201,24,2.0746068209322526
12889,201,25,2.0851801203377445
12890,201,26,2.0957705358349306
12891,201,27,2.106179639266986
12892,201,28,2.1161892210881663
12893,201,29,2.1255674182066056
12894,201,30,2.1340755467693655
12895,201,31,2.1414753573575673
12896,201,32,2.1475364196851188
12897,201,33,2.152043347414726
12898,201,34,2.1548025904605472
12899,201,35,2.15564855083621
12900,201,36,2.1544488168658695
12901,201,37,2.1511083570863287
12902,201,38,2.1455725667869947
12903,201,39,2.1378291140378667
12904,201,40,2.1279085853904873
12905,201,41,2.1158839814698815
12906,201,42,2.101869156936277
12907,201,43,2.0860163357013572
12908,201,44,2.0685128592443367
12909,201,45,2.0495773423660926
12910,201,46,2.0294554163366203
12911,201,47,2.0084152343495916
12912,201,48,1.9867428993195801
12913,201,49,1.9647379507147589
12914,201,50,1.9427090171496553
12915,201,51,1.920969707067091
12916,201,52,1.8998347734454477
12917,201,53,1.8796165525988098
12918,201,54,1.8606216442629109
12919,201,55,1.8431477725546488
12920,201,56,1.8274807470073071
12921,201,57,1.8138914312279133
12922,201,58,1.8026326247774935
12923,201,59,1.2782315911644062
12924,201,60,1.2515582095101798
12925,201,61,1.2237670714148416
12926,201,62,1.1951464878130498
12927,201,64,1.1367917560905927
12928,202,0,1.9167899017238925
12929,202,1,1.8686564837993216
12930,202,2,1.8251528565697672
12931,202,3,1.7863664849190026
12932,202,4,1.7523572418389155
12933,202,5,1.7231644928683358
12934,202,6,1.3688945708419504
12935,202,7,1.3723669542689962
12936,202,8,1.3773876899560664
12937,202,9,1.3839630774966365
12938,202,10,1.3920585625612718
12939,202,11,1.4015979772077447
12940,202,12,1.4124642845254316
12941,202,13,1.4245018129583475
12942,202,14,1.4375199089322535
12943,202,15,1.4512978823397746
12944,202,16,1.465591070045336
12945,202,17,1.4801377997148082
12946,202,18,1.4946670015645904
12947,202,19,1.5089061903690906
12948,202,20,2.036781815276149
12949,202,21,2.0456172321360255
12950,202,22,2.0548940253546273
12951,202,23,2.064538947731033
12952,202,24,2.0744474342578147
12953,202,25,2.084484453544134
12954,202,26,2.0944868213716665
12955,202,27,2.1042668743502264
12956,202,28,2.1136173419680517
12957,202,29,2.122317204931227
12958,202,30,2.130138288687092
12959,202,31,2.1368523149402443
12960,202,32,2.1422381216311224
12961,202,33,2.1460887633861
12962,202,34,2.148218219299845
12963,202,35,2.148467461860645
12964,202,36,2.146709678089537
12965,202,37,2.1428544792776973
12966,202,38,2.1368509864751677
12967,202,39,2.1286897323094616
12968,202,40,2.1184033729474105
12969,202,41,2.1060662543112523
12970,202,42,2.091792921517807
12971,202,43,2.075735697796832
12972,202,44,2.058081487208962
12973,202,45,2.0390479732309643
12974,202,46,2.0188793922201262
12975,202,47,1.9978420570477105
12976,202,48,1.976219792547702
12977,202,49,1.9543094221619124
12978,202,50,1.9324164160534234
12979,202,51,1.9108507771567291
12980,202,52,1.8899232055312234
12981,202,53,1.869941545490499
12982,202,54,1.8512074867643356
12983,202,55,1.834013462707746
12984,202,56,1.8186396672876
12985,202,57,1.805351099812516
12986,202,58,1.7943945431678854
12987,202,59,1.273524354899238
12988,202,60,1.2475003671297624
12989,202,61,1.2204503853704676
12990,202,62,1.1926583471075751
12991,202,64,1.1361937440769625
12992,203,0,1.9605971738386498
12993,203,1,1.914130402139763
12994,203,2,1.87228732888539
12995,203,3,1.8351289953832612
12996,203,4,1.802688603286123
12997,203,5,1.7749791094095133
12998,203,6,1.3534272269567504
12999,203,7,1.3569076437745382
13000,203,8,1.3619369401728154
13001,203,9,1.3685230292815687
13002,203,10,1.3766334748559954
13003,203,11,1.3861946663919569
13004,203,12,1.3970924831205205
13005,203,13,1.40917443352406
13006,203,14,1.422253200828655
13007,203,15,1.436111471380409
13008,203,16,1.450507873917545
13009,203,17,1.4651838153394567
13010,203,18,1.4798709642379688
13011,203,19,1.4942991084817332
13012,203,20,2.0379351152432297
13013,203,21,2.0465366693087774
13014,203,22,2.055494600196581
13015,203,23,2.0647424723097165
13016,203,24,2.074183899372572
13017,203,25,2.0836931004806387
13018,203,26,2.0931169111752186
13019,203,27,2.1022781584463286
13020,203,28,2.110980247941955
13021,203,29,2.119012759937006
13022,203,30,2.1261578099964202
13023,203,31,2.132196902353714
13024,203,32,2.1369179897470647
13025,203,33,2.1401224530361422
13026,203,34,2.1416317268934497
13027,203,35,2.1412933230961606
13028,203,36,2.1389860387264323
13029,203,37,2.1346241807250266
13030,203,38,2.128160688180879
13031,203,39,2.1195890867058105
13032,203,40,2.1089442623975003
13033,203,41,2.0963020934751717
13034,203,42,2.081778023146846
13035,203,43,2.065524695455258
13036,203,44,2.0477288050373312
13037,203,45,2.0286073307533066
13038,203,46,2.008403331431177
13039,203,47,1.9873814795867837
13040,203,48,1.9658234965850065
13041,203,49,1.9440236315308725
13042,203,50,1.9222842979358405
13043,203,51,1.9009119489936257
13044,203,52,1.8802132364840438
13045,203,53,1.860491462390927
13046,203,54,1.8420432987432975
13047,203,55,1.825155722280917
13048,203,56,1.8101030883271125
13049,203,57,1.7971442543343688
13050,203,58,1.7865196590560601
13051,203,59,1.2692223205373638
13052,203,60,1.2439151133098516
13053,203,61,1.217674506100683
13054,203,62,1.1907792847571772
13055,203,64,1.1363380464703239
13056,204,0,2.006066313659784
13057,204,1,1.961285517775733
13058,204,2,1.921114689947063
13059,204,3,1.8855887357551169
13060,204,4,1.8547145710095476
13061,204,5,1.8284792138379198
13062,204,6,1.3371561458605923
13063,204,7,1.3406140931930568
13064,204,8,1.3456233572658598
13065,204,9,1.3521936504809056
13066,204,10,1.360294840902652
13067,204,11,1.3698560616990134
13068,204,12,1.3807662929616134
13069,204,13,1.3928764038632797
13070,204,14,1.4060025875146032
13071,204,15,1.4199310679161972
13072,204,16,1.43442391005552
13073,204,17,1.4492257222763594
13074,204,18,1.4640710061208206
13075,204,19,1.4786918841726284
13076,204,20,2.0389703376853436
13077,204,21,2.047340463769163
13078,204,22,2.0559841359297684
13079,204,23,2.0648414823539434
13080,204,24,2.073824024692773
13081,204,25,2.0828149473293838
13082,204,26,2.091670814596912
13083,204,27,2.1002246555629975
13084,204,28,2.1082902744371106
13085,204,29,2.11566759162939
13086,204,30,2.122148778275147
13087,204,31,2.127524917323625
13088,204,32,2.1315929080949063
13089,204,33,2.1341623288567266
13090,204,34,2.135061983086122
13091,204,35,2.134145878618274
13092,204,36,2.131298423210692
13093,204,37,2.126438663031902
13094,204,38,2.119523439711064
13095,204,39,2.110549394112313
13096,204,40,2.0995537980901053
13097,204,41,2.086614246366398
13098,204,42,2.071847286780924
13099,204,43,2.055406106274677
13100,204,44,2.0374774202975643
13101,204,45,2.0182777336452062
13102,204,46,1.998049150383094
13103,204,47,1.9770549094839367
13104,204,48,1.9555748116718836
13105,204,49,1.9339006828897523
13106,204,50,1.9123319924334412
13107,204,51,1.8911717111803787
13108,204,52,1.8707224598032206
13109,204,53,1.8512829608769423
13110,204,54,1.833144774829294
13111,204,55,1.8165892700831634
13112,204,56,1.8018847545513315
13113,204,57,1.7892836805312375
13114,204,58,1.779019829177602
13115,204,59,1.2653891302467286
13116,204,60,1.240864745603606
13117,204,61,1.215500041458357
13118,204,62,1.1895678910921006
13119,204,64,1.137278341823913
13120,205,0,2.0530627594099062
13121,205,1,2.009982559320785
13122,205,2,1.9714912515244623
13123,205,3,1.937597955260658
13124,205,4,1.9082837454850028
13125,205,5,1.8835102278528
13126,205,6,1.3201498565766672
13127,205,7,1.3235570324420571
13128,205,8,1.3285197971988816
13129,205,9,1.3350498191006877
13130,205,10,1.3431194269031368
13131,205,11,1.3526606539729267
13132,205,12,1.363565737252637
13133,205,13,1.3756890603496585
13134,205,14,1.3888504750733113
13135,205,15,1.4028398834185112
13136,205,16,1.417422914247112
13137,205,17,1.4323474875320872
13138,205,18,1.4473510255446085
13139,205,19,1.4621680460204445
13140,205,20,2.0398929723543935
13141,205,21,2.0480348528760643
13142,205,22,2.0563696869819017
13143,205,23,2.0648439123175004
13144,205,24,2.0733766793010626
13145,205,25,2.0818598424411454
13146,205,26,2.09015939259028
13147,205,27,2.0981182602313946
13148,205,28,2.105560357417696
13149,205,29,2.1122956716783348
13150,205,30,2.1181261814162
13151,205,31,2.122852330832046
13152,205,32,2.126279784324854
13153,205,33,2.128226176058856
13154,205,34,2.128527579668551
13155,205,35,2.127044444939767
13156,205,36,2.1236667811973864
13157,205,37,2.1183184089774834
13158,205,38,2.1109601498993302
13159,205,39,2.101591876761221
13160,205,40,2.0902533989349865
13161,205,41,2.077024209341446
13162,205,42,2.0620221660550118
13163,205,43,2.045401221634544
13164,205,44,2.0273483447705845
13165,205,45,2.0080798004645977
13166,205,46,1.9878369659903203
13167,205,47,1.9668818602238016
13168,205,48,1.9454925540728465
13169,205,49,1.9239586107681843
13170,205,50,1.9025766782842668
13171,205,51,1.8816463241344203
13172,205,52,1.8614661675243316
13173,205,53,1.84233032780186
13174,205,54,1.8245251737820738
13175,205,55,1.8083263282044415
13176,205,56,1.7939958573863766
13177,205,57,1.7817795597869552
13178,205,58,1.7719042599187698
13179,205,59,1.2620840118741077
13180,205,60,1.2384067902087905
13181,205,61,1.2139824842548732
13182,205,62,1.189077315089481
13183,205,64,1.1390622827642762
13184,206,0,2.1014469951671852
13185,206,1,2.0600772698409795
13186,206,2,2.0232683317327824
13187,206,3,1.9910039237332255
13188,206,4,1.963239783196635
13189,206,5,1.9399126842025463
13190,206,6,1.3024805978031122
13191,206,7,1.3058111218820994
13192,206,8,1.310703245387145
13193,206,9,1.317170718163803
13194,206,10,1.3251884548642847
13195,206,11,1.3346915149003462
13196,206,12,1.3455755187188696
13197,206,13,1.3576984909512593
13198,206,14,1.3708840667556124
13199,206,15,1.3849259460422243
13200,206,16,1.3995934331796778
13201,206,17,1.414637858973966
13202,206,18,1.4297996487085007
13203,206,19,1.4448157760434093
13204,206,20,2.0407097574542847
13205,206,21,2.048627279769396
13206,206,22,2.056659454084143
13207,206,23,2.0647587677723944
13208,206,24,2.072851713768274
13209,206,25,2.0808385129796303
13210,206,26,2.0885942707082927
13211,206,27,2.0959715074140353
13212,206,28,2.102803940785531
13213,206,29,2.108911340514995
13214,206,30,2.11410523184099
13215,206,31,2.1181951906815915
13216,206,32,2.1209954532334505
13217,206,33,2.1223315567723695
13218,206,34,2.122046735865916
13219,206,35,2.1200078184297957
13220,206,36,2.116110397543049
13221,206,37,2.1102830956731107
13222,206,38,2.1024907855316144
13223,206,39,2.0927366834921988
13224,206,40,2.081063284531087
13225,206,41,2.067552159201034
13226,206,42,2.052322680590161
13227,206,43,2.0355297902252
13228,206,44,2.0173609445526255
13229,206,45,1.9980324065862862
13230,206,46,1.9777850597428672
13231,206,47,1.9568799226073208
13232,206,48,1.9355935348037516
13233,206,49,1.9142133662978362
13234,206,50,1.893033376845587
13235,206,51,1.8723498208748093
13236,206,52,1.8524573580944863
13237,206,53,1.83364549400639
13238,206,54,1.816195339714219
13239,206,55,1.8003766493564177
13240,206,56,1.7864450682574569
13241,206,57,1.7746395072633891
13242,206,58,1.7651795499979623
13243,206,59,1.2593611143627368
13244,206,60,1.2365933386020105
13245,206,61,1.2131715520694206
13246,206,62,1.189354609240533
13247,206,64,1.141730856139477
13248,207,0,2.151075122639832
13249,207,1,2.1114209959769568
13250,207,2,2.0762928594925825
13251,207,3,2.0456495491934916
13252,207,4,2.0194220249315933
13253,207,5,1.997522863123933
13254,207,6,1.2842237785278183
13255,207,7,1.2874544009215314
13256,207,8,1.2922542540215443
13257,207,9,1.2986392626248366
13258,207,10,1.3065870201166285
13259,207,11,1.3160357062827224
13260,207,12,1.326884421908631
13261,207,13,1.3389949319501646
13262,207,14,1.3521947555995917
13263,207,15,1.3662814906988052
13264,207,16,1.3810282135657344
13265,207,17,1.396189755124577
13266,207,18,1.4115096217458358
13267,207,19,1.4267273055960406
13268,207,20,2.041428613688987
13269,207,21,2.049126321602551
13270,207,22,2.056862707203534
13271,207,23,2.0645960435872124
13272,207,24,2.072259874151644
13273,207,25,2.0797624753388058
13274,207,26,2.086987746561474
13275,207,27,2.0937974776446455
13276,207,28,2.100034879858401
13277,207,29,2.1055292098173832
13278,207,30,2.1101012686693736
13279,207,31,2.1135695240305865
13280,207,32,2.115756580344366
13281,207,33,2.1164957153476855
13282,207,34,2.1156372060260327
13283,207,35,2.113054186039148
13284,207,36,2.108647806699047
13285,207,37,2.1023515132300687
13286,207,38,2.094134294864893
13287,207,39,2.084002818663847
13288,207,40,2.07200240997318
13289,207,41,2.058216894349891
13290,207,42,2.0427673639156896
13291,207,43,2.0258099730885446
13292,207,44,2.007532902513366
13293,207,45,1.9881526543157049
13294,207,46,1.9679098556497645
13295,207,47,1.9470647506319934
13296,207,48,1.9258925534865954
13297,207,49,1.9046788190082868
13298,207,50,1.8837149617248794
13299,207,51,1.8632940243091587
13300,207,52,1.843706761062782
13301,207,53,1.8252380660875993
13302,207,54,1.808163740542315
13303,207,55,1.7927475615403172
13304,207,56,1.779238588941447
13305,207,57,1.7678686273428437
13306,207,58,1.7588497503444183
13307,207,59,1.2572688897052238
13308,207,60,1.235470432956341
13309,207,61,1.2131105779270264
13310,207,62,1.1904401271847074
13311,207,64,1.14531779907908
13312,208,0,2.201799446648369
13313,208,1,2.1638612909695425
13314,208,2,2.130407993019559
13315,208,3,2.1013740095198568
13316,208,4,2.0766661381635747
13317,208,5,2.056173442812155
13318,208,6,1.2654574227326643
13319,208,7,1.268567718765888
13320,208,8,1.273256359771774
13321,208,9,1.2795415050923837
13322,208,10,1.2874034862743557
13323,208,11,1.2967836655971994
13324,208,12,1.3075846908501285
13325,208,13,1.3196721393045188
13326,208,14,1.3328774911997183
13327,208,15,1.3470023230017858
13328,208,16,1.3618235650729855
13329,208,17,1.377099628892844
13330,208,18,1.3925771770485473
13331,208,19,2.034555475023298
13332,208,20,2.0420585706562555
13333,208,21,2.0495416103423922
13334,208,22,2.056989701374847
13335,208,23,2.0643666354416372
13336,208,24,2.071612709864702
13337,208,25,2.0786439400593126
13338,208,26,2.085352692486826
13339,208,27,2.0916096981666126
13340,208,28,2.0972673417021857
13341,208,29,2.1021640627633236
13342,208,30,2.1061296586194116
13343,208,31,2.108991239660071
13344,208,32,2.110579566253114
13345,208,33,2.110735485474205
13346,208,34,2.109316190188367
13347,208,35,2.10620103997313
13348,208,36,2.101296712113332
13349,208,37,2.094541489482363
13350,208,38,2.085908538225815
13351,208,39,2.075408079141268
13352,208,40,2.0630884096954176
13353,208,41,2.0490357859131825
13354,208,42,2.0333732222213197
13355,208,43,2.016258310310978
13356,208,44,1.9978801931736287
13357,208,45,1.9784558561311079
13358,208,46,1.9582259119585381
13359,208,47,1.9374500617321706
13360,208,48,1.9164024070830332
13361,208,49,1.8953667739536466
13362,208,50,1.8746321841260725
13363,208,51,1.854488580552327
13364,208,52,1.8352228780509372
13365,208,53,1.8171153746285986
13366,208,54,1.8004365230120405
13367,208,55,1.7854440293353533
13368,208,56,1.772380218521207
13369,208,57,1.7614695855892277
13370,208,58,1.752916440350064
13371,208,59,1.255849527952589
13372,208,60,1.2350775069052746
13373,208,61,1.2138359584370766
13374,208,62,1.1923669807183883
13375,208,64,1.1498490775684704
13376,209,0,2.2534690714154575
13377,209,1,2.217242528620212
13378,209,2,2.1854537493192594
13379,209,3,2.158013395140957
13380,209,4,2.1348047704276842
13381,209,5,2.1156941608087174
13382,209,6,1.246261603098334
13383,209,7,1.249234152306086
13384,209,8,1.2537954869379917
13385,209,9,1.259966025494844
13386,209,10,1.2677288628298058
13387,209,11,1.2770285730867725
13388,209,12,1.2877713873404917
13389,209,13,1.2998267399553656
13390,209,14,1.313030125941566
13391,209,15,1.3271871624026437
13392,209,16,1.3420787023670415
13393,209,17,1.3574668105286727
13394,209,18,1.3731013791040088
13395,209,19,2.035240476484792
13396,209,20,2.042609686150608
13397,209,21,2.049883746754623
13398,209,22,2.0570515860974834
13399,209,23,2.0640822453836827
13400,209,24,2.0709224761591694
13401,209,25,2.0774957120106547
13402,209,26,2.083702454212973
13403,209,27,2.0894220408664634
13404,209,28,2.0945157031163757
13405,209,29,2.098830752845683
13406,209,30,2.1022056964195173
13407,209,31,2.104476030735208
13408,209,32,2.1054804524707995
13409,209,33,2.10506719981585
13410,209,34,2.1031002481928525
13411,209,35,2.0994650969229305
13412,209,36,2.094073911197233
13413,209,37,2.0868698212613483
13414,209,38,2.077830226121131
13415,209,39,2.0669689997220106
13416,209,40,2.054337550640586
13417,209,41,2.0400247390215034
13418,209,42,2.0241557040716582
13419,209,43,2.0068896994194576
13420,209,44,1.9884170699706472
13421,209,45,1.9689555309387787
13422,209,46,1.94874592645204
13423,209,47,1.9280476510983702
13424,209,48,1.9071339131448535
13425,209,49,1.8862870037297759
13426,209,50,1.8657937133955274
13427,209,51,1.8459410076897511
13428,209,52,1.8270120393497797
13429,209,53,1.8092825381724367
13430,209,54,1.7930175835240987
13431,209,55,1.778468730984258
13432,209,56,1.765871436074461
13433,209,57,1.755442696324198
13434,209,58,1.7473788195616509
13435,209,59,1.2551384512807686
13436,209,60,1.235446887679196
13437,209,61,1.2153766654317848
13438,209,62,1.1951605622197083
13439,209,64,1.155342433552892
13440,210,0,2.3059305047509544
13441,210,1,2.271406525203149
13442,210,2,2.241267641645227
13443,210,3,2.215401359663713
13444,210,4,2.1936682105686836
13445,210,5,2.1759124831724543
13446,210,6,1.2267178686539137
13447,210,7,1.229538416190683
13448,210,8,1.2339593411880743
13449,210,9,1.240003309908459
13450,210,10,1.2476561706718343
13451,210,11,1.256865705727804
13452,210,12,1.267541735261311
13453,210,13,1.2795575685057212
13454,210,14,1.2927527461492991
13455,210,15,1.3069369699704279
13456,210,16,1.3218950717126923
13457,210,17,1.3373928352263096
13458,210,18,1.3531834552359538
13459,210,19,2.0358540419148388
13460,210,20,2.0430929589901026
13461,210,21,2.0501642082415867
13462,210,22,2.057060309009667
13463,210,23,2.063755282179467
13464,210,24,2.0702020319983783
13465,210,25,2.076331086640302
13466,210,26,2.0820507463360656
13467,210,27,2.0872486178219805
13468,210,28,2.091794447089398
13469,210,29,2.0955441020548307
13470,210,30,2.0983445055183934
13471,210,31,2.1000392788190365
13472,210,32,2.1004748294897175
13473,210,33,2.0995066028440816
13474,210,34,2.097005217959435
13475,210,35,2.0928622224304636
13476,210,36,2.086995226370326
13477,210,37,2.079352212667764
13478,210,38,2.0699148652330908
13479,210,39,2.058700807296879
13480,210,40,2.045764694971249
13481,210,41,2.0311981643973143
13482,210,42,2.0151286811303932
13483,210,43,1.9977173854410017
13484,210,44,1.9791560647834425
13485,210,45,1.9596634131259896
13486,210,46,1.9394807550203066
13487,210,47,1.9188674196877298
13488,210,48,1.8980959471102368
13489,210,49,1.8774472948305996
13490,210,50,1.8572061921396796
13491,210,51,1.8376567592851458
13492,210,52,1.8190784753741223
13493,210,53,1.801742542111246
13494,210,54,1.7859086538767772
13495,210,55,1.7718221503432219
13496,210,56,1.7597114981233386
13497,210,57,1.7497860248108403
13498,210,58,1.7422338137802629
13499,210,59,1.2551638725312086
13500,210,60,1.2366033650379031
13501,210,61,1.2177538265252283
13502,210,62,1.198838137898044
13503,210,64,1.1618070059315198
13504,211,0,2.3590282672239242
13505,211,1,2.32619316634789
13506,211,2,2.2976853218793063
13507,211,3,2.2733697753487534
13508,211,4,2.2530850547415886
13509,211,5,2.2366542782938144
13510,211,6,1.2069086712990658
13511,211,7,1.2095662701283076
13512,211,8,1.2138367990342669
13513,211,9,1.2197451237974153
13514,211,10,1.2272798008612862
13515,211,11,1.2363917834779556
13516,211,12,1.2469944563793467
13517,211,13,1.2589649947713637
13518,211,14,1.272146993671031
13519,211,15,1.2863542663505496
13520,211,16,1.3013756676642543
13521,211,17,1.3169807608870587
13522,211,18,1.3329261167258502
13523,211,19,2.0364075856208137
13524,211,20,2.0435202360278852
13525,211,21,2.05039525124361
13526,211,22,2.057028514593187
13527,211,23,2.063398757242633
13528,211,24,2.0694647341346486
13529,211,25,2.0751637431187486
13530,211,26,2.080411545443339
13531,211,27,2.0851036753009513
13532,211,28,2.089118058550104
13533,211,29,2.092318799236475
13534,211,30,2.094560939874306
13535,211,31,2.0956959598853726
13536,211,32,2.09557774777509
13537,211,33,2.094068767522779
13538,211,34,2.0910461385358596
13539,211,35,2.086407360920883
13540,211,36,2.080075442648344
13541,211,37,2.072003220731637
13542,211,38,2.062176712611095
13543,211,39,2.0506173839737545
13544,211,40,2.037383272464488
13545,211,41,2.0225689602956116
13546,211,42,2.0063044398562346
13547,211,43,1.9887529624959468
13548,211,44,1.970107999496643
13549,211,45,1.9505894740986356
13550,211,46,1.9304394431043006
13551,211,47,1.909917415434498
13552,211,48,1.8892954930696022
13553,211,49,1.868853507685853
13554,211,50,1.848874305179506
13555,211,51,1.8296393018255404
13556,211,52,1.8114244021025319
13557,211,53,1.794496331556895
13558,211,54,1.7791094009379733
13559,211,55,1.7655026826629963
13560,211,56,1.7538975497729745
13561,211,57,1.7444955029431306
13562,211,58,1.73747619444478
13563,211,59,1.2559464229984665
13564,211,60,1.2385638317604901
13565,211,61,1.2209803793346934
13566,211,62,1.203408516583178
13567,211,64,1.1692430300857264
13568,212,0,2.4126055034334715
13569,212,1,2.3814410359299374
13570,212,2,2.3545412248097435
13571,212,3,2.331749390360404
13572,212,4,2.312882874057121
13573,212,5,2.297744492224773
13574,212,6,1.1869167960612637
13575,212,7,1.1894039284173437
13576,212,8,1.1935172981690332
13577,212,9,1.199283884895468
13578,212,10,1.2066948719884838
13579,212,11,1.215704313209911
13580,212,12,1.2262291031023624
13581,212,13,1.238150247721459
13582,212,14,1.251315383451577
13583,212,15,1.2655424454667235
13584,212,16,1.280624345406644
13585,212,17,1.2963344815842306
13586,212,18,1.3124328758229686
13587,212,19,2.0369133317854815
13588,212,20,2.043904114050896
13589,212,21,2.0505898089536605
13590,212,22,2.0569694386971578
13591,212,23,2.0630261769616434
13592,212,24,2.068724328229481
13593,212,25,2.074007635230846
13594,212,26,2.078798981736856
13595,212,27,2.0830014870560993
13596,212,28,2.0865009202449447
13597,212,29,2.0891692994295195
13598,212,30,2.090869487594851
13599,212,31,2.0914605530603176
13600,212,32,2.090803632362806
13601,212,33,2.0887680164678577
13602,212,34,2.0852371784727137
13603,212,35,2.080114471891586
13604,212,36,2.0733282521870917
13605,212,37,2.0648362087920824
13606,212,38,2.0546287383063704
13607,212,39,2.042731239322294
13608,212,40,2.029205262656368
13609,212,41,2.014148504771102
13610,212,42,1.9976936840477706
13611,212,43,1.9800063867064823
13612,212,44,1.9612820092889658
13613,212,45,1.9417419558955775
13614,212,46,1.92162926951129
13615,212,47,1.901203887070722
13616,212,48,1.880737707325081
13617,212,49,1.8605096496223668
13618,212,50,1.8408008615068945
13619,212,51,1.8218902051973274
13620,212,52,1.8040501195303862
13621,212,53,1.7875429171630968
13622,212,54,1.7726175391654915
13623,212,55,1.7595067530766046
13624,212,56,1.7484247483795365
13625,212,57,1.7395650572550125
13626,212,58,1.7330987100954383
13627,212,59,1.257498853541682
13628,212,60,1.241336999738948
13629,212,61,1.225060803374135
13630,212,62,1.2088717980223058
13631,212,64,1.177641619815779
13632,213,0,2.466504592526018
13633,213,1,2.436988044041241
13634,213,2,2.4116692113157514
13635,213,3,2.3903704847499005
13636,213,4,2.3728888807945667
13637,213,5,2.3590078224248874
13638,213,6,1.1668247998375496
13639,213,7,1.1691374766020632
13640,213,8,1.1730902336959472
13641,213,9,1.1787120408872498
13642,213,10,1.1859965913777781
13643,213,11,1.1949009356862743
13644,213,12,1.2053453936185414
13645,213,13,1.2172147412926735
13646,213,14,1.230360622613159
13647,213,15,1.2446050895051972
13648,213,16,1.2597451342866188
13649,213,17,1.27555804225226
13650,213,18,1.2918073641304129
13651,213,19,2.0373842167666965
13652,213,20,2.04425783730422
13653,213,21,2.0507613851279136
13654,213,22,2.0568967996982304
13655,213,23,2.0626514322677107
13656,213,24,2.067994837875078
13657,213,25,2.0728768808780003
13658,213,26,2.077227230018507
13659,213,27,2.0809562477642607
13660,213,28,2.0839572095665804
13661,213,29,2.0861097249783076
13662,213,30,2.0872841771815196
13663,213,31,2.0873469527982498
13664,213,32,2.086166201712808
13665,213,33,2.0836178481676866
13666,213,34,2.0795915700414556
13667,213,35,2.0739964726970177
13668,213,36,2.0667662061397376
13669,213,37,2.057863307867752
13670,213,38,2.047282596629776
13671,213,39,2.035053491825775
13672,213,40,2.0212411867261117
13673,213,41,2.0059466581639684
13674,213,42,1.98930554803061
13675,213,43,1.9714860001151993
13676,213,44,1.9526855772432787
13677,213,45,1.933127416380461
13678,213,46,1.9130558020089616
13679,213,47,1.8927313498738418
13680,213,48,1.872425993973927
13681,213,49,1.8524179598975499
13682,213,50,1.8329868883153804
13683,213,51,1.8144092451956335
13684,213,52,1.7969541220751442
13685,213,53,1.7808794927817329
13686,213,54,1.7664289548099874
13687,213,55,1.753828946587877
13688,213,56,1.7432863985102691
13689,213,57,1.7349867479889842
13690,213,58,1.7290922286438701
13691,213,59,1.2598258123559414
13692,213,60,1.244923194961859
13693,213,61,1.229990932852381
13694,213,62,1.2152192038607996
13695,213,64,1.18698463474471
13696,214,0,2.5205677551575283
13697,214,1,2.4926720511623017
13698,214,2,2.468903207516051
13699,214,3,2.4490635221782346
13700,214,4,2.4329305901508675
13701,214,5,2.4202693868687986
13702,214,6,1.146714463211135
13703,214,7,1.1488523000090876
13704,214,8,1.1526443651589944
13705,214,9,1.1581214569266325
13706,214,10,1.165279625293799
13707,214,11,1.1740787808298279
13708,214,12,1.1844425547546265
13709,214,13,1.1962594074736381
13710,214,14,1.2093849364831388
13711,214,15,1.2236452906428155
13712,214,16,1.2388415579987602
13713,214,17,1.25475496004851
13714,214,18,1.2711526577812182
13715,214,19,2.0378337873476604
13716,214,20,2.044595191410048
13717,214,21,2.0509239448016277
13718,214,22,2.056824687137253
13719,214,23,2.06228868630405
13720,214,24,2.067290452388528
13721,214,25,2.0717856510632147
13722,214,26,2.075710400898974
13723,214,27,2.078981967453494
13724,214,28,2.081500797149105
13725,214,29,2.083153769196793
13726,214,30,2.0838184871101757
13727,214,31,2.0833683851687304
13728,214,32,2.0816783914320793
13729,214,33,2.0786308688086206
13730,214,34,2.0741215497635452
13731,214,35,2.0680651883152827
13732,214,36,2.0604006741263152
13733,214,37,2.0510953862251333
13734,214,38,2.0401486061447396
13735,214,39,2.0275938595540737
13736,214,40,2.0135001090339926
13737,214,41,1.9979717756171398
13738,214,42,1.981147620198343
13739,214,43,1.963198565224313
13740,214,44,1.9443245797894644
13741,214,45,1.9247507854249988
13742,214,46,1.904722964018032
13743,214,47,1.884502662570484
13744,214,48,1.8643620916592518
13745,214,49,1.8445790058678178
13746,214,50,1.8254317360932588
13747,214,51,1.8071945169868777
13748,214,52,1.7901332197926403
13749,214,53,1.7745015637588284
13750,214,54,1.7605378405607406
13751,214,55,1.7484621482842668
13752,214,56,1.738474096891196
13753,214,57,1.7307509179011609
13754,214,58,1.7254458891172735
13755,214,59,1.2629237019616086
13756,214,60,1.2493142338774958
13757,214,61,1.2357578527944857
13758,214,62,1.2224329936533747
13759,214,64,1.1972446353955148
13760,215,0,2.574637654164679
13761,215,1,2.548331485722623
13762,215,2,2.5260778370030303
13763,215,3,2.507659794448026
13764,215,4,2.492836474556558
13765,215,5,2.4813553855206854
13766,215,6,1.1266662597301238
13767,215,7,1.1286325287274144
13768,215,8,1.1322672390944566
13769,215,9,1.1376028178607993
13770,215,10,1.1446374831448067
13771,215,11,1.153333836392429
13772,215,12,1.1636186777441946
13773,215,13,1.175384041919001
13774,215,14,1.1884894068750518
13775,215,15,1.202764984851508
13776,215,16,1.2180159667644568
13777,215,17,1.2340275577115678
13778,215,18,1.2505706146945115
13779,215,19,2.0382760956848647
13780,215,20,2.044930394474775
13781,215,21,2.0510918027401805
13782,215,22,2.056767448688355
13783,215,23,2.0619522610681646
13784,215,24,2.066625414255741
13785,215,25,2.070748059231184
13786,215,26,2.074262433087856
13787,215,27,2.0770923677504443
13788,215,28,2.0791451480277585
13789,215,29,2.080314603338867
13790,215,30,2.080485259449319
13791,215,31,2.0795373288956402
13792,215,32,2.0773522834403635
13793,215,33,2.0738187302036106
13794,215,34,2.0688383056671973
13795,215,35,2.0623313084261152
13796,215,36,2.0542418115531396
13797,215,37,2.0445420272866235
13798,215,38,2.0332357384382655
13799,215,39,2.020360659999387
13800,215,40,2.005989648151756
13801,215,41,1.9902307293604324
13802,215,42,1.973225976539472
13803,215,43,1.955149309685603
13804,215,44,1.9362033424098901
13805,215,45,1.9166154314160138
13806,215,46,1.8966331116416717
13807,215,47,1.8765191145451054
13808,215,48,1.8565461705520807
13809,215,49,1.8369917892769845
13810,215,50,1.8181331936914908
13811,215,51,1.8002425583712711
13812,215,52,1.7835826691930081
13813,215,53,1.7684030846086394
13814,215,54,1.754936839330985
13815,215,55,1.7433976924377275
13816,215,56,1.7339778859823944
13817,215,57,1.7268463494281958
13818,215,58,1.7221472614970201
13819,215,59,1.266780617163175
13820,215,60,1.2544933828000817
13821,215,61,1.2423398800620418
13822,215,62,1.2304864673947409
13823,215,64,1.208384927267292
13824,216,0,2.6285579862883637
13825,216,1,2.603805952315354
13826,216,2,2.5830290433628678
13827,216,3,2.5659920559918628
13828,216,4,2.552436607666017
13829,216,5,2.54209375125663
13830,216,6,1.1067588467912362
13831,216,7,1.1085605033616874
13832,216,8,1.112044631606092
13833,216,9,1.1172450498144573
13834,216,10,1.1241619204726139
13835,216,11,1.1327603349272772
13836,216,12,1.14297009190539
13837,216,13,1.1546866671656137
13838,216,14,1.1677733277471045
13839,216,15,1.1820643029331752
13840,216,16,1.1973688866661576
13841,216,17,1.2134763140655995
13842,216,18,1.230161229028344
13843,216,19,2.0387255917233604
13844,216,20,2.045277986196235
13845,216,21,2.051279510469168
13846,216,22,2.056739576325615
13847,216,23,2.061656523902985
13848,216,24,2.066013907101031
13849,216,25,2.0697780518289175
13850,216,26,2.0728969876097794
13851,216,27,2.0753007807621615
13852,216,28,2.0769032261371425
13853,216,29,2.077604787599556
13854,216,30,2.077296618182939
13855,216,31,2.0758654417493925
13856,216,32,2.0731990411061503
13857,216,33,2.0691920742714016
13858,216,34,2.063751931633246
13859,216,35,2.05680435207045
13860,216,36,2.0482985349568135
13861,216,37,2.03821151595386
13862,216,38,2.0265516156435948
13863,216,39,2.0133608189445535
13864,216,40,1.9987159971506727
13865,216,41,1.982728940421796
13866,216,42,1.965545223706411
13867,216,43,1.9473419805946028
13868,216,44,1.9283247049608905
13869,216,45,1.9087232373427525
13870,216,46,1.8887871201953412
13871,216,47,1.8687805224289118
13872,216,48,1.8489769385574215
13873,216,49,1.8296538615807223
13874,216,50,1.811087612212652
13875,216,51,1.793548481628921
13876,216,52,1.7772963123851309
13877,216,53,1.7625766047481946
13878,216,54,1.7496171958272349
13879,216,55,1.738625519109146
13880,216,56,1.7297864147766164
13881,216,57,1.7232604288014906
13882,216,58,1.7191825132363365
13883,216,59,1.2713763649025622
13884,216,60,1.2604354011777132
13885,216,61,1.2497066299862727
13886,216,62,1.2393440551822723
13887,216,64,1.2203596943367794
13888,217,0,2.6821740623854637
13889,217,1,2.658936827924822
13890,217,2,2.6395947002746127
13891,217,3,2.623895145556576
13892,217,4,2.6115632952207615
13893,217,5,2.6023147874058075
13894,217,6,1.0870685819887966
13895,217,7,1.08871626561493
13896,217,8,1.0920600151993871
13897,217,9,1.0971347655315453
13898,217,10,1.1039423652686469
13899,217,11,1.1124501637257542
13900,217,12,1.1225907609894799
13901,217,13,1.1342629182903035
13902,217,14,1.1473335831331721
13903,217,15,1.1616409437131145
13904,217,16,1.1769983910758943
13905,217,17,1.1931992365988646
13906,217,18,1.2100220077254997
13907,217,19,2.039197013865618
13908,217,20,2.045652715795246
13909,217,21,2.0515017427348456
13910,217,22,2.0567555925548766
13911,217,23,2.0614157747098076
13912,217,24,2.0654699450499345
13913,217,25,2.0688893009385794
13914,217,26,2.0716273447719957
13915,217,27,2.0736200513817855
13916,217,28,2.074787402891757
13917,217,29,2.0750361868363156
13918,217,30,2.074263892864186
13919,217,31,2.0723634928476815
13920,217,32,2.0692288508304775
13921,217,33,2.064760484459596
13922,217,34,2.058871389133554
13923,217,35,2.0514926401004225
13924,217,36,2.042578505483007
13925,217,37,2.0321108333548
13926,217,38,2.0201025166190782
13927,217,39,2.0065998881632017
13928,217,40,1.991683952840672
13929,217,41,1.9754704193537136
13930,217,42,1.9581085511104466
13931,217,43,1.9397789077708583
13932,217,44,1.9206900958928979
13933,217,45,1.9010746856515965
13934,217,46,1.8811844793331298
13935,217,47,1.8612853350792533
13936,217,48,1.841651755674508
13937,217,49,1.8225614471636602
13938,217,50,1.804290036510892
13939,217,51,1.7871061126805368
13940,217,52,1.7712667232296155
13941,217,53,1.7570134209297463
13942,217,54,1.7445689145062802
13943,217,55,1.7341343368352717
13944,217,56,1.7258871053846825
13945,217,57,1.7199793156660226
13946,217,58,1.7165365810177367
13947,217,59,1.2766825660940748
13948,217,60,1.2671066686845611
13949,217,61,1.2578191684556417
13950,217,62,1.2489614937368876
13951,217,64,1.2331142215036055
13952,218,0,2.7353333736698464
13953,218,1,2.713567843631126
13954,218,2,2.6956152065869743
13955,218,3,2.6812065924285804
13956,218,4,2.670051690089354
13957,218,5,2.6618517891850204
13958,218,6,1.067669068471829
13959,218,7,1.0691770774469316
13960,218,8,1.07239405380758
13961,218,9,1.0773557375751226
13962,218,10,1.084065371864865
13963,218,11,1.0924923020944755
13964,218,12,1.1025717066807335
13965,218,13,1.114205455571891
13966,218,14,1.127264051968111
13967,218,15,1.1415895740498716
13968,218,16,1.1569994988492036
13969,218,17,1.1732912607785297
13970,218,18,1.1902473737840147
13971,218,19,2.0397052786908376
13972,218,20,2.0460694296014186
13973,218,21,2.0517731842469584
13974,218,22,2.0568299375737737
13975,218,23,2.061244134746187
13976,218,24,2.06500726433767
13977,218,25,2.068095099813653
13978,218,26,2.070466304683044
13979,218,27,2.072062443776313
13980,218,28,2.0728093705563997
13981,218,29,2.0726198916585448
13982,218,30,2.0713975481803875
13983,218,31,2.0690413013702296
13984,218,32,2.065450870502229
13985,218,33,2.060532444447502
13986,218,34,2.0542044766049417
13987,218,35,2.0464032755654373
13988,218,36,2.0370881205449316
13989,218,37,2.026245659956085
13990,218,38,2.01389339161969
13991,218,39,2.0000820716822205
13992,218,40,1.9848969535851182
13993,218,41,1.9684578154942796
13994,218,42,1.950917791458877
13995,218,43,1.932461075339738
13996,218,44,1.9132996145873262
13997,218,45,1.8936689509930287
13998,218,46,1.873823395807019
13999,218,47,1.8540307459030252
14000,218,48,1.834566755388002
14001,218,49,1.8157095732558992
14002,218,50,1.7977343430470292
14003,218,51,1.780908136251857
14004,218,52,1.7654853591426383
14005,218,53,1.7517037349752294
14006,218,54,1.7397809224945022
14007,218,55,1.72991178995238
14008,218,56,1.7222663239507159
14009,218,57,1.7169881167449739
14010,218,58,1.7141933462988077
14011,218,59,1.282662838688372
14012,218,60,1.274465395242697
14013,218,61,1.2666302484268606
14014,218,62,1.259286088621934
14015,218,64,1.2465852045901937
14016,219,0,2.787886141639864
14017,219,1,2.76754564937354
14018,219,2,2.750934063889641
14019,219,3,2.7377672046634207
14020,219,4,2.727740388905167
14021,219,5,2.7205416464178405
14022,219,6,1.0486307325037447
14023,219,7,1.050016972211689
14024,219,8,1.0531241296045906
14025,219,9,1.0579884031534688
14026,219,10,1.0646141063201338
14027,219,11,1.0729722900242005
14028,219,12,1.0830004634078614
14029,219,13,1.0946034084032181
14030,219,14,1.1076550441152433
14031,219,15,1.12200126000805
14032,219,16,1.1374636036465149
14033,219,17,1.153843680456802
14034,219,18,1.1709281005786356
14035,219,19,2.040265370526032
14036,219,20,2.046542959122528
14037,219,21,2.0521084175500595
14038,219,22,2.056976858211758
14039,219,23,2.0611554378552337
14040,219,24,2.064639217993607
14041,219,25,2.0674082621222203
14042,219,26,2.069426092089617
14043,219,27,2.0706395527773456
14044,219,28,2.0709800610719946
14045,219,29,2.070366145487047
14046,219,30,2.0687071199595395
14047,219,31,2.0659076821389584
14048,219,32,2.0618731851913004
14049,219,33,2.0565153044045603
14050,219,34,2.049757806639156
14051,219,35,2.041542132115785
14052,219,36,2.0318325136408735
14053,219,37,2.0206203869159047
14054,219,38,2.007927885231026
14055,219,39,1.9938102602706924
14056,219,40,1.9783571252502115
14057,219,41,1.9616924742181674
14058,219,42,1.9439734890879994
14059,219,43,1.9253882008709142
14060,219,44,1.9061521209705667
14061,219,45,1.8865039999309552
14062,219,46,1.8667009028441277
14063,219,47,1.847012811429921
14064,219,48,1.827716971923214
14065,219,49,1.8090922053161962
14066,219,50,1.7914133828076229
14067,219,51,1.7749462457001923
14068,219,52,1.759942717166804
14069,219,53,1.7466368153951393
14070,219,54,1.7352412360270082
14071,219,55,1.7259446290982263
14072,219,56,1.7189095544318818
14073,219,57,1.7142710620870356
14074,219,58,1.7121358131945663
14075,219,59,1.289273060379848
14076,219,60,1.2824619122294132
14077,219,61,1.2760846289639327
14078,219,62,1.2702570601227265
14079,219,64,1.2607011456104515
14080,220,0,2.839685849476774
14081,220,1,2.8207203594828294
14082,220,2,2.8053984342253298
14083,220,3,2.793421636912535
14084,220,4,2.784472007852764
14085,220,5,2.7782254250582614
14086,220,6,1.0300204360438978
14087,220,7,1.0313063408057492
14088,220,8,1.0343239048319668
14089,220,9,1.0391094039757052
14090,220,10,1.0456678668610828
14091,220,11,1.0539717319435877
14092,220,12,1.0639605682713587
14093,220,13,1.0755418543455695
14094,220,14,1.0885927715528918
14095,220,15,1.1029629331918493
14096,220,16,1.1184779383973669
14097,220,17,1.134943613378627
14098,220,18,2.0339161011119513
14099,220,19,2.040892231668451
14100,220,20,2.0470880104195914
14101,220,21,2.0525218128568263
14102,220,22,2.0572102994838746
14103,220,23,2.06116312494939
14104,220,24,2.0643786744034593
14105,220,25,2.0668410256674425
14106,220,26,2.068518266260229
14107,220,27,2.0693622208525615
14108,220,28,2.069309570955005
14109,220,29,2.0682842781339503
14110,220,30,2.0662011580936905
14111,220,31,2.062970398457281
14112,220,32,2.0585027703857817
14113,220,33,2.052715255017915
14114,220,34,2.045536791105682
14115,220,35,2.0369138504404707
14116,220,36,2.0268155622449693
14117,220,37,2.0152381354874653
14118,220,38,2.002208367271162
14119,220,39,1.9877860737561155
14120,220,40,1.972065334786347
14121,220,41,1.955174501573188
14122,220,42,1.9372749753886738
14123,220,43,1.9185588212747438
14124,220,44,1.899245331514984
14125,220,45,1.8795766966377898
14126,220,46,1.8598129750843628
14127,220,47,1.840226575003057
14128,220,48,1.8210964721646279
14129,220,49,1.8027023866199814
14130,220,50,1.7853191279726155
14131,220,51,1.769211296142003
14132,220,52,1.754628492910515
14133,220,53,1.7418011614644182
14134,220,54,1.7309371289589093
14135,220,55,1.7222188834331416
14136,220,56,1.7158015737808614
14137,220,57,1.711811682440878
14138,220,58,1.7103462872558737
14139,220,59,1.2964617085548547
14140,220,60,1.291039042293408
14141,220,61,1.2861194740636164
14142,220,62,1.2818059698911726
14143,220,64,1.275382830144759
14144,221,0,2.8905897528349143
14145,221,1,2.8729460768311563
14146,221,2,2.8588596757285623
14147,221,3,2.848018935580643
14148,221,4,2.8400937352942814
14149,221,5,2.8347489251787485
14150,221,6,1.0119011267727458
14151,221,7,1.0131115554635013
14152,221,8,1.0160629214728558
14153,221,9,1.0207911641478968
14154,221,10,1.0273016425457742
14155,221,11,1.0355678388618195
14156,221,12,1.0455310895037653
14157,221,13,1.0571013368323152
14158,221,14,1.070158858293013
14159,221,15,1.0845568958550689
14160,221,16,1.1001250785426586
14161,221,17,1.1166735054230028
14162,221,18,2.0346534551896247
14163,221,19,2.0416006540509866
14164,221,20,2.0477190555962377
14165,221,21,2.0530274206577404
14166,221,22,2.0575437995674277
14167,221,23,2.0612801425418046
14168,221,24,2.064237920515885
14169,221,25,2.066404961315436
14170,221,26,2.0677536365998614
14171,221,27,2.0682404612871235
14172,221,28,2.0678070928363343
14173,221,29,2.0663826463979724
14174,221,30,2.063887176796212
14175,221,31,2.060236122541468
14176,221,32,2.0553454630167223
14177,221,33,2.0491373094388274
14178,221,34,2.0415456342596223
14179,221,35,2.03252184269129
14180,221,36,2.022039903621141
14181,221,37,2.0101007842198957
14182,221,38,1.9967359713039663
14183,221,39,1.982009910709006
14184,221,40,1.9660212508815404
14185,221,41,1.948902835643933
14186,221,42,1.9308204505704578
14187,221,43,1.9119703846108487
14188,221,44,1.8925759206940374
14189,221,45,1.8728829135604221
14190,221,46,1.8531546479873442
14191,221,47,1.8336661944259034
14192,221,48,1.8146984910134503
14193,221,49,1.7965323807719376
14194,221,50,1.7794428210029094
14195,221,51,1.7636934595123792
14196,221,52,1.7495317409543767
14197,221,53,1.7371846683298582
14198,221,54,1.7268553019077175
14199,221,55,1.718720033132254
14200,221,56,1.7129266270846228
14201,221,57,1.709592986320405
14202,221,58,1.708806553726024
14203,221,59,1.30417027428589
14204,221,60,1.300132544396688
14205,221,61,1.2966648277064887
14206,221,62,1.2938572246297027
14207,221,64,1.2905438828118792
14208,222,0,2.940459368089673
14209,222,1,2.92408139359556
14210,222,2,2.911173854126272
14211,222,3,2.9014130591973686
14212,222,4,2.8944578590775527
14213,222,5,2.8899632132325688
14214,222,6,0.9943315275670018
14215,222,7,0.9954946334198506
14216,222,8,0.9984062411903736
14217,222,9,1.0031015087049941
14218,222,10,1.0095857129032346
14219,222,11,1.0178330117892378
14220,222,12,1.0277861964656896
14221,222,13,1.0393574246152208
14222,222,14,1.0524298921927058
14223,222,15,1.0668603679923974
14224,222,16,1.0824824872808358
14225,222,17,1.0991106768025025
14226,222,18,2.0354846546766874
14227,222,19,2.0424051731280874
14228,222,20,2.048450227191077
14229,222,21,2.0536388678959785
14230,222,22,2.0579903889796745
14231,222,23,2.0615188460822425
14232,222,24,2.0642285704190515
14233,222,25,2.066110887815064
14234,222,26,2.0671421846299376
14235,222,27,2.0672833881506563
14236,222,28,2.06648085414875
14237,222,29,2.0646685821103796
14238,222,30,2.061771612548211
14239,222,31,2.0577104038136658
14240,222,32,2.052405940449635
14241,222,33,2.0457852932327807
14242,222,34,2.0377873338221195
14243,222,35,2.0283683047810994
14244,222,36,2.0175069583473317
14245,222,37,2.005209003642487
14246,222,38,1.9915106403489304
14247,222,39,1.9764810049813362
14248,222,40,1.9602234110748136
14249,222,41,1.9428753239355834
14250,222,42,1.9246070709660879
14251,222,43,1.9056193469235692
14252,222,44,1.8861396269239448
14253,222,45,1.866417646012632
14254,222,46,1.8467201405932496
14255,222,47,1.8273250723856558
14256,222,48,1.8085155689467245
14257,222,49,1.7905738158552935
14258,222,50,1.7737751248171296
14259,222,51,1.758382380190608
14260,222,52,1.7446410353317316
14261,222,53,1.7327747917371414
14262,222,54,1.7229820506042146
14263,222,55,1.7154331807236385
14264,222,56,1.7102686012399102
14265,222,57,1.7075976353549152
14266,222,58,1.7074980538912194
14267,222,59,1.3123337464178855
14268,222,60,1.309671629927155
14269,222,61,1.3076441607895175
14270,222,62,1.3063286522956414
14271,222,64,1.3060913960204064
14272,223,0,2.989160936261776
14273,223,1,2.973989866786422
14274,223,2,2.962202228192761
14275,223,3,2.953463372045475
14276,223,4,2.947422266527159
14277,223,5,2.9437251265595417
14278,223,6,0.9773658670028468
14279,223,7,0.9785129422302755
14280,223,8,0.9814141275153686
14281,223,9,0.9861033249401221
14282,223,10,0.992585290866799
14283,223,11,1.0008344688892152
14284,223,12,1.0107947737440115
14285,223,13,1.022380315610477
14286,223,14,1.0354770213833913
14287,223,15,1.0499450791817169
14288,223,16,1.065622105610157
14289,223,17,1.0823269130137092
14290,223,18,2.0364242459286217
14291,223,19,2.0433199647395592
14292,223,20,2.0492952162357
14293,223,21,2.0543692584645936
14294,223,22,2.058562494697562
14295,223,23,2.061890908812248
14296,223,24,2.064361479965883
14297,223,25,2.065968793143104
14298,223,26,2.0666929929131417
14299,223,27,2.066499153567367
14300,223,28,2.065338063411162
14301,223,29,2.063148348004107
14302,223,30,2.0598597900249125
14303,223,31,2.055397645260804
14304,223,32,2.049687707556261
14305,223,33,2.042661842352782
14306,223,34,2.034263689956437
14307,223,35,2.024454236381421
14308,223,36,2.013216961276513
14309,223,37,2.000562298060174
14310,223,38,1.9865311793178377
14311,223,39,1.9711974885332557
14312,223,40,1.9546692946705806
14313,223,41,1.9370888060287605
14314,223,42,1.9186310410408913
14315,223,43,1.8995012731870948
14316,223,44,1.879931361997967
14317,223,45,1.8601751296289084
14318,223,46,1.8405029805075295
14319,223,47,1.8211959884645121
14320,223,48,1.8025396905378128
14321,223,49,1.7848178289331558
14322,223,50,1.7683062727358796
14323,223,51,1.7532673298406838
14324,223,52,1.7399446287104756
14325,223,53,1.7285587109907976
14326,223,54,1.7193034320590157
14327,223,55,1.7123432198813786
14328,223,56,1.7078111957839048
14329,223,57,1.7058081165596863
14330,223,58,1.7064020581849118
14331,223,59,1.3208811610751878
14332,223,60,1.3195795449979482
14333,223,61,1.318974984857156
14334,223,62,1.3191321455596237
14335,223,64,1.3219266264219751
14336,224,0,3.036565860995375
14337,224,1,3.022540466854353
14338,224,2,3.011811707416078
14339,224,3,3.0040351092543
14340,224,4,2.9988509152867695
14341,224,5,2.995897748271568
14342,224,6,0.9610536520289078
14343,224,7,0.9622189480977231
14344,224,8,0.9651417718244756
14345,224,9,0.9698542682453776
14346,224,10,0.9763602108692018
14347,224,11,0.9846339183623809
14348,224,12,0.9946200814651213
14349,224,13,1.0062344873470102
14350,224,14,1.0193655975877196
14351,224,15,1.0338769074927745
14352,224,16,1.0496099895059003
14353,224,17,1.0663881028796693
14354,224,18,2.037486397256655
14355,224,19,2.0443587456835517
14356,224,20,2.050267174708918
14357,224,21,2.055231078745417
14358,224,22,2.059271849917561
14359,224,23,2.062407236806519
14360,224,24,2.0646466680745004
14361,224,25,2.0659877629521537
14362,224,26,2.0664141814432195
14363,224,27,2.0658948927447596
14364,224,28,2.06438486449381
14365,224,29,2.061827101712787
14366,224,30,2.0581558962263062
14367,224,31,2.05330108799689
14368,224,32,2.0471930919138224
14369,224,33,2.0397684090902146
14370,224,34,2.030975321999371
14371,224,35,2.0207794683834504
14372,224,36,2.009168999602808
14373,224,37,1.9961590540336172
14374,224,38,1.981795313658058
14375,224,39,1.9661564599365642
14376,224,40,1.9493554007541418
14377,224,41,1.9315392007207097
14378,224,42,1.9128877092418193
14379,224,43,1.8936109414191171
14380,224,44,1.8739453230016272
14381,224,45,1.8541489596032394
14382,224,46,1.834496129974438
14383,224,47,1.8152712315516826
14384,224,48,1.7967624227057821
14385,224,49,1.779255209631183
14386,224,50,1.7630262168917326
14387,224,51,1.748337360141357
14388,224,52,1.735430608934515
14389,224,53,1.7245234887966379
14390,224,54,1.715805427193028
14391,224,55,1.7094350003276708
14392,224,56,1.7055380895473158
14393,224,57,1.7042069102143584
14394,224,58,1.705499834760294
14395,224,59,1.3297362112494757
14396,224,60,1.3297742133715702
14397,224,61,1.3305695268614453
14398,224,62,1.3321743665579306
14399,224,64,1.337945752784
14400,225,0,3.082551119131526
14401,225,1,3.06960799785674
14402,225,2,3.059875280303538
14403,225,3,3.052999811739734
14404,225,4,3.048614273354966
14405,225,5,3.046350850828537
14406,225,6,0.9454394835111898
14407,225,7,0.9466600081103396
14408,225,8,0.9496390641983755
14409,225,9,0.9544065137226005
14410,225,10,0.9609646635076576
14411,225,11,0.9692872786012289
14412,225,12,0.979319463470313
14413,225,13,0.9909783957521265
14414,225,14,1.0041548681257773
14415,225,15,1.0187155673090311
14416,225,16,1.0345059961035525
14417,225,17,1.0513539255592508
14418,225,18,2.038684802562572
14419,225,19,2.0455346786982562
14420,225,20,2.0513786230800974
14421,225,21,2.0562361088657735
14422,225,22,2.0601294101052314
14423,225,23,2.0630778908143634
14424,225,24,2.065093245273316
14425,225,25,2.06617591663813
14426,225,26,2.0663128519565035
14427,225,27,2.0654766771508135
14428,225,28,2.0636262991813106
14429,225,29,2.0607088681384544
14430,225,30,2.0566629629681943
14431,225,31,2.051422804098595
14432,225,32,2.0449232471126355
14433,225,33,2.0371052758931163
14434,225,34,2.0279216927457444
14435,225,35,2.017342697527811
14436,225,36,2.0053610576461436
14437,225,37,1.9919965950665788
14438,225,38,1.9772997536364967
14439,225,39,1.9613540579029525
14440,225,40,1.944277330573575
14441,225,41,1.9262215968393623
14442,225,42,1.9073716667983975
14443,225,43,1.887942449006066
14444,225,44,1.8681751056881406
14445,225,45,1.8483322106341646
14446,225,46,1.828692111908899
14447,225,47,1.8095427314803438
14448,225,48,1.791175051479276
14449,225,49,1.7738765415553754
14450,225,50,1.757924773833976
14451,225,51,1.7435814521169233
14452,225,52,1.7310870516253187
14453,225,53,1.7206562266833538
14454,225,54,1.712474098631605
14455,225,55,1.7066934875536985
14456,225,56,1.703433101856144
14457,225,57,1.702776652098241
14458,225,58,1.7047728123090191
14459,225,59,1.7094359156371295
14460,225,60,1.3401689338268783
14461,225,61,1.3423354585547889
14462,225,62,1.3453575063459722
14463,225,64,1.354040688358784
14464,226,0,3.1269996425869673
14465,226,1,3.115073487837467
14466,226,2,3.106272411929571
14467,226,3,3.1002357295498975
14468,226,4,3.0965897268361893
14469,226,5,3.094961306795207
14470,226,6,0.9305629149144666
14471,226,7,0.9318782068484592
14472,226,8,0.9349504097975833
14473,226,9,0.9398065543636402
14474,226,10,0.9464469777226073
14475,226,11,0.9548444466840549
14476,226,12,0.9649441045277783
14477,226,13,0.9766642235341959
14478,226,14,0.989897717935199
14479,226,15,1.0045143474318934
14480,226,16,1.0203635202818504
14481,226,17,1.0372775879226146
14482,226,18,2.0400325893205906
14483,226,19,2.0468602825145723
14484,226,20,2.0526413635912704
14485,226,21,2.057395340300513
14486,226,22,2.061145275930656
14487,226,23,2.0639120154573685
14488,226,24,2.065709349998703
14489,226,25,2.0665403514796603
14490,226,26,2.066395040555039
14491,226,27,2.0652494761609868
14492,226,28,2.0630662782810933
14493,226,29,2.0597965203570916
14494,226,30,2.055382857820722
14495,226,31,2.0497636977162226
14496,226,32,2.04287816408711
14497,226,33,2.0346715768785804
14498,226,34,2.0251011400239185
14499,226,35,2.0141415278524986
14500,226,36,2.001790067917481
14501,226,37,1.9880712419770652
14502,226,38,1.9730402636575275
14503,226,39,1.9567855391503264
14504,226,40,1.939429873525086
14505,226,41,1.9211303468953171
14506,226,42,1.9020768485733277
14507,226,43,1.8824893202755482
14508,226,44,1.8626138182930845
14509,226,45,1.8427175565044343
14510,226,46,1.8230831347704832
14511,226,47,1.8040021887350843
14512,226,48,1.7857687160886864
14513,226,49,1.768672340333687
14514,226,50,1.7529917660982415
14515,226,51,1.7389886608270295
14516,226,52,1.7269021675965275
14517,226,53,1.716944214757433
14518,226,54,1.7092957424240736
14519,226,55,1.704103916134587
14520,226,56,1.7014803470769864
14521,226,57,1.7015002889026503
14522,226,58,1.7042027359769125
14523,226,59,1.7095913093130786
14524,226,60,1.3506731252318873
14525,226,61,1.3541766735587744
14526,226,62,1.358580091895652
14527,226,64,1.37009994025541
14528,227,0,3.169800670419286
14529,227,1,3.1588245482489867
14530,227,2,3.1508894095083604
14531,227,3,3.1456281923576825
14532,227,4,3.142661954112206
14533,227,5,3.1416134654543506
14534,227,6,0.9164583539535966
14535,227,7,0.9179102373786596
14536,227,8,0.9211145909436795
14537,227,9,0.9260950461424055
14538,227,10,0.9328494509698945
14539,227,11,0.9413491158073807
14540,227,12,0.9515388372811676
14541,227,13,0.9633376789441198
14542,227,14,0.9766404624495078
14543,227,15,0.9913199003551375
14544,227,16,1.007229282558274
14545,227,17,1.024205613211993
14546,227,18,2.0415422315351117
14547,227,19,2.048347347599616
14548,227,20,2.0540663998794884
14549,227,21,2.058718900393387
14550,227,22,2.062328623627777
14551,227,23,2.06491777627728
14552,227,24,2.0665020930878457
14553,227,25,2.0670870952337603
14554,227,26,2.066665678961426
14555,227,27,2.0652171274255786
14556,227,28,2.0627075614536348
14557,227,29,2.0590917691605313
14558,227,30,2.0543162835120627
14559,227,31,2.0483235143947294
14560,227,32,2.0410566903204477
14561,227,33,2.032465326804677
14562,227,34,2.0225109152429774
14563,227,35,2.01117251855592
14564,227,36,1.9984519679794084
14565,227,37,1.9843783783872297
14566,227,38,1.9690117359730723
14567,227,39,1.9524453598920726
14568,227,40,1.934807095957396
14569,227,41,1.9162591627225434
14570,227,42,1.8969966350537717
14571,227,43,1.8772446143524846
14572,227,44,1.8572541947759011
14573,227,45,1.8372973882397963
14574,227,46,1.8176612151869684
14575,227,47,1.7986412011064221
14576,227,48,1.7805345392385548
14577,227,49,1.7636331871149529
14578,227,50,1.7482171585624016
14579,227,51,1.7345482542308703
14580,227,52,1.7228644438970468
14581,227,53,1.7133750746127294
14582,227,54,1.7062570325216129
14583,227,55,1.7016519354885467
14584,227,56,1.6996643813783194
14585,227,57,1.70036122571995
14586,227,58,1.7037718153081494
14587,227,59,1.7098890634728923
14588,227,60,1.3611931121008964
14589,227,61,1.3659941046646007
14590,227,62,1.3717378329888432
14591,227,64,1.3860095078271544
14592,228,0,3.2108500701326803
14593,228,1,3.200755701423738
14594,228,2,3.193619754955521
14595,228,3,3.189069946026201
14596,228,4,3.1867232653265485
14597,228,5,3.186199494139646
14598,228,6,0.9031550066286425
14599,228,7,0.9047873262218299
14600,228,8,0.9081646746527312
14601,228,9,0.9133066999106
14602,228,10,0.9202082274074899
14603,228,11,0.9288386417905902
14604,228,12,0.9391419991635914
14605,228,13,0.9510378452218736
14606,228,14,0.9644226917005386
14607,228,15,0.9791720831172819
14608,228,16,0.9951431687292625
14609,228,17,1.0121776814277783
14610,228,18,2.043225468262165
14611,228,19,2.0500068581636524
14612,228,20,2.0556638634879527
14613,228,21,2.06021598431386
14614,228,22,2.0636876432534046
14615,228,23,2.0661023050622385
14616,228,24,2.0674775108406074
14617,228,25,2.0678210675013666
14618,228,26,2.067128564653428
14619,228,27,2.065382316135429
14620,228,28,2.0625517458686504
14621,228,29,2.0585951612621374
14622,228,30,2.0534627857457357
14623,228,31,2.0471008584729464
14624,228,32,2.039456556710263
14625,228,33,2.030483457208324
14626,228,34,2.0201472285381135
14627,228,35,2.0084312378231837
14628,228,36,1.995341762574116
14629,228,37,1.9809125207307259
14630,228,38,1.9652082681135736
14631,228,39,1.948327260211975
14632,228,40,1.930402431996181
14633,228,41,1.9116012122519193
14634,228,42,1.8921239545755284
14635,228,43,1.8722010323446998
14636,228,44,1.8520887064930842
14637,228,45,1.8320639298166037
14638,228,46,1.8124182972678902
14639,228,47,1.79345138620943
14640,228,48,1.775463752459747
14641,228,49,1.7587498564131094
14642,228,50,1.7435911884708546
14643,228,51,1.7302498451076898
14644,228,52,1.7189627773698086
14645,228,53,1.709936894292427
14646,228,54,1.703345156926721
14647,228,55,1.6993237470136784
14648,228,56,1.697970340665928
14649,228,57,1.6993434645962817
14650,228,58,1.7034628632374957
14651,228,59,1.710310762057868
14652,228,60,1.3716329430058656
14653,228,61,1.3776865735105681
14654,228,62,1.3847245009481368
14655,228,64,1.4016538116754764
14656,229,0,3.250050627452327
14657,229,1,3.240768675280942
14658,229,2,3.234364403586344
14659,229,3,3.230461454359773
14660,229,4,3.228673906263361
14661,229,5,3.228619683342302
14662,229,6,0.890676862654052
14663,229,7,0.8925352014657343
14664,229,8,0.8961279649394523
14665,229,9,0.9014702195502076
14666,229,10,0.9085532236698443
14667,229,11,0.9173439583303358
14668,229,12,0.9277853390432282
14669,229,13,0.9397970805666015
14670,229,14,0.9532771655394252
14671,229,15,0.9681038496661434
14672,229,16,0.984138121213337
14673,229,17,1.001226521406746
14674,229,18,2.045093228236776
14675,229,19,2.051848920951361
14676,229,20,2.05744294775732
14677,229,21,2.0618947949035666
14678,229,22,2.065229485255782
14679,229,23,2.0674716538104354
14680,229,24,2.068640526952802
14681,229,25,2.0687460501032664
14682,229,26,2.0677863400526055
14683,229,27,2.065746563290309
14684,229,28,2.0625992637187744
14685,229,29,2.0583060861227636
14686,229,30,2.0528207693117184
14687,229,31,2.0460932183642346
14688,229,32,2.038074411821531
14689,229,33,2.0287218593595333
14690,229,34,2.018005300090161
14691,229,35,2.005912322119298
14692,229,36,1.99245359045286
14693,229,37,1.9776673921453751
14694,229,38,1.96162324334529
14695,229,39,1.9444243505719792
14696,229,40,1.9262087755821646
14697,229,41,1.9071492165624822
14698,229,42,1.8874513848815209
14699,229,43,1.8673510229212276
14700,229,44,1.8471096713337192
14701,229,45,1.8270093504219123
14702,229,46,1.807346367590371
14703,229,47,1.7884244988329654
14704,229,48,1.7705478154976964
14705,229,49,1.7540134372481504
14706,229,50,1.7391044880790631
14707,229,51,1.7260835149909557
14708,229,52,1.715186599693843
14709,229,53,1.7066183542858366
14710,229,54,1.7005479445158491
14711,229,55,1.6971062316270915
14712,229,56,1.6963840687438014
14713,229,57,1.6984317332292393
14714,229,58,1.7032594252447233
14715,229,59,1.7108387174817987
14716,229,60,1.381895233883595
14717,229,61,1.3891516644540447
14718,229,62,1.3974328308186823
14719,229,64,1.4169166445465473
14720,230,0,3.2873123039687466
14721,230,1,3.27877266463363
14722,230,2,3.2730320482816104
14723,230,3,3.2697111653403432
14724,230,4,3.268422325892142
14725,230,5,3.2687827148371364
14726,230,6,0.8790427209088534
14727,230,7,0.8811741027949944
14728,230,8,0.8850259987999722
14729,230,9,0.890608285413319
14730,230,10,0.8979081013699128
14731,230,11,0.9068895402403623
14732,230,12,0.9174939729172796
14733,230,13,0.9296409680134481
14734,230,14,0.9432297594110248
14735,230,15,0.958141194207667
14736,230,16,0.9742400815922471
14737,230,17,0.9913778540968806
14738,230,18,2.047155561098675
14739,230,19,2.05388270128259
14740,230,20,2.059411849527641
14741,230,21,2.0637624908012615
14742,230,22,2.06696021569366
14743,230,23,2.0690307576185543
14744,230,24,2.0699949235496464
14745,230,25,2.069864666632338
14746,230,26,2.068640480866475
14747,230,27,2.066310223000238
14748,230,28,2.062849388549675
14749,230,29,2.0582227912834345
14750,230,30,2.052387522304683
14751,230,31,2.0452969994589365
14752,230,32,2.0369058631951513
14753,230,33,2.0271754336297976
14754,230,34,2.016079417148687
14755,230,35,2.003609540413046
14756,230,36,1.989780795308329
14757,230,37,1.9746359995939562
14758,230,38,1.9582494134422532
14759,230,39,1.940729199691223
14760,230,40,1.922218572916152
14761,230,41,1.9028955463636503
14762,230,42,1.8829712531329774
14763,230,43,1.8626868853722456
14764,230,44,1.8423093593821682
14765,230,45,1.8221258723121592
14766,230,46,1.802437564889961
14767,230,47,1.7835525421441507
14768,230,48,1.765778528758298
14769,230,49,1.7494154466072713
14770,230,50,1.7347481989483482
14771,230,51,1.722039929157107
14772,230,52,1.7115259929656477
14773,230,53,1.7034088436349226
14774,230,54,1.6978539816324103
14775,230,55,1.694987066829012
14776,230,56,1.6948922348514226
14777,230,57,1.697611602992084
14778,230,58,1.7031458978854923
14779,230,59,1.7114560896889661
14780,230,60,1.3918820280354387
14781,230,61,1.400286614212781
14782,230,62,1.4097554383748159
14783,230,64,1.431682135161136
14784,231,0,3.3225524622256057
14785,231,1,3.314684558638601
14786,231,2,3.309539348634729
14787,231,3,3.3067357413358884
14788,231,4,3.3058854070395234
14789,231,5,3.306605892265597
14790,231,6,0.8682662531758885
14791,231,7,0.8707188318368757
14792,231,8,0.874874584392209
14793,231,9,0.880737581678065
14794,231,10,0.8882902850556454
14795,231,11,0.897493413489156
14796,231,12,0.9082863875395428
14797,231,13,0.9205883141622627
14798,231,14,0.9342994596738726
14799,231,15,0.9493031445652881
14800,231,16,0.9654679833981448
14801,231,17,0.9826503860866451
14802,231,18,2.0494215756551277
14803,231,19,2.056116366748442
14804,231,20,2.061577719017193
14805,231,21,2.0658251431668826
14806,231,22,2.0688847803753676
14807,231,23,2.070783406708574
14808,231,24,2.0715433214729733
14809,231,25,2.071178371272306
14810,231,26,2.0696912936083867
14811,231,27,2.0670724887760428
14812,231,28,2.0633002502938513
14813,231,29,2.0583424060224287
14814,231,30,2.052159248197791
14815,231,31,2.0447075643287804
14816,231,32,2.035945525325609
14817,231,33,2.0258381448235983
14818,231,34,2.014362996245916
14819,231,35,2.0015158627604173
14820,231,36,1.9873160001841172
14821,231,37,1.9718107135368044
14822,231,38,1.9550789830505675
14823,231,39,1.9372339230327564
14824,231,40,1.9184239145111548
14825,231,41,1.8988323170773858
14826,231,42,1.8786757335163917
14827,231,43,1.8582008692730307
14828,231,44,1.8376800942148483
14829,231,45,1.8174058733670477
14830,231,46,1.7976842835477995
14831,231,47,1.7788278718388704
14832,231,48,1.761148137906319
14833,231,49,1.7449479343294962
14834,231,50,1.7305140770066707
14835,231,51,1.7181104418008384
14836,231,52,1.707971794971353
14837,231,53,1.7002985653246137
14838,231,54,1.6952527176494816
14839,231,55,1.6929548325186894
14840,231,56,1.693482439833651
14841,231,57,1.6968695955715871
14842,231,58,1.7031076360177928
14843,231,59,1.7121469940903062
14844,231,60,1.4014956644575904
14845,231,61,1.4109892086959108
14846,231,62,1.4215857431747876
14847,231,64,1.4458357158761452
14848,232,0,3.355696057993857
14849,232,1,3.348429134107568
14850,232,2,3.3438111247746884
14851,232,3,3.3414602529524484
14852,232,4,3.3409886598376346
14853,232,5,3.3420153338038694
14854,232,6,0.8583561041072246
14855,232,7,0.8611788408737038
14856,232,8,0.8656838795699079
14857,232,9,0.8718688658724674
14858,232,10,0.8797110239583529
14859,232,11,0.8891672104476984
14860,232,12,0.9001744904577392
14861,232,13,0.9126511952870133
14862,232,14,0.9264984070360716
14863,232,15,0.9416018041509108
14864,232,16,0.9578337937680567
14865,232,17,2.043967778611191
14866,232,18,2.0518993855626646
14867,232,19,2.0585570389061387
14868,232,20,2.0639466181775212
14869,232,21,2.068087701254704
14870,232,22,2.0710069781140192
14871,232,23,2.0727322277313704
14872,232,24,2.073287169899786
14873,232,25,2.0726874468972762
14874,232,26,2.0709379222443434
14875,232,27,2.0680314086923266
14876,232,28,2.063948858824969
14877,232,29,2.058660973087765
14878,232,30,2.0521311054582316
14879,232,31,2.0443192798563428
14880,232,32,2.035187073870065
14881,232,33,2.0247030829775032
14882,232,34,2.012848650051429
14883,232,35,1.9996235326468101
14884,232,36,1.9850511847140384
14885,232,37,1.969183349466954
14886,232,38,1.9521036949185486
14887,232,39,1.9339302711391853
14888,232,40,1.9148166260656936
14889,232,41,1.894951481712416
14890,232,42,1.8745569416214933
14891,232,43,1.853885269915421
14892,232,44,1.8332143489878303
14893,232,45,1.8128419834934109
14894,232,46,1.7930792700315012
14895,232,47,1.7742432924027072
14896,232,48,1.7566494297917965
14897,232,49,1.7406035786040222
14898,232,50,1.7263945875837978
14899,232,51,1.7142871906264037
14900,232,52,1.704515693402917
14901,232,53,1.697278630236069
14902,232,54,1.6927345588090645
14903,232,55,1.6909991048980997
14904,232,56,1.6921433103092802
14905,232,57,1.6961932776162523
14906,232,58,1.703131048151605
14907,232,59,1.7128965978361441
14908,232,60,1.4106396460688737
14909,232,61,1.4211586783799512
14910,232,62,1.4328188888277238
14911,232,64,1.4592650850275313
14912,233,0,3.3866757996411407
14913,233,1,3.3799392145700837
14914,233,2,3.375780515737163
14915,233,3,3.3738183363837546
14916,233,4,3.373666377784518
14917,233,5,3.374946126732794
14918,233,6,0.8493160250534921
14919,233,7,0.8525583576555605
14920,233,8,0.8574585085928136
14921,233,9,0.8640070784696372
14922,233,10,0.8721754955087794
14923,233,11,0.8819162683865913
14924,233,12,0.8931637045540253
14925,233,13,0.9058350489642679
14926,233,14,0.919831986281229
14927,233,15,0.935042440748473
14928,233,16,0.9513426021848728
14929,233,17,2.046673864770015
14930,233,18,2.054596062749525
14931,233,19,2.061210753251093
14932,233,20,2.0665234877548495
14933,233,21,2.070553967013223
14934,233,22,2.0733294432203655
14935,233,23,2.0748786744095744
14936,233,24,2.0752267452933464
14937,233,25,2.0743910123905285
14938,233,26,2.072378363841764
14939,233,27,2.0691839092343054
14940,233,28,2.0647911357812347
14941,233,29,2.0591734881918815
14942,233,30,2.0522972543315294
14943,233,31,2.0441255708592667
14944,233,32,2.0346233056042706
14945,233,33,2.0237625290914303
14946,233,34,2.0115282582853427
14947,233,35,1.9979241424631482
14948,233,36,1.9829777645284015
14949,233,37,1.9667452506118146
14950,233,38,1.9493149152685747
14951,233,39,1.930809717070111
14952,233,40,1.91138835739327
14953,233,41,1.8912449207527438
14954,233,42,1.8706070248047961
14955,233,43,1.849732518718572
14956,233,44,1.8289048365289418
14957,233,45,1.8084271740991067
14958,233,46,1.7886157115203642
14959,233,47,1.7697921447272538
14960,233,48,1.752275818967152
14961,233,49,1.7363757713658616
14962,233,50,1.7223829897279308
14963,233,51,1.7105631801877843
14964,233,52,1.7011503083787063
14965,233,53,1.6943411390521423
14966,233,54,1.6902909497569538
14967,233,55,1.689110537912736
14968,233,56,1.690864580317907
14969,233,57,1.6955713429045802
14970,233,58,1.7032036794607168
14971,233,59,1.7136912039926553
14972,233,60,1.4192194994201108
14973,233,61,1.4306965836101773
14974,233,62,1.4433526516695683
14975,233,64,1.471861154850356
14976,234,0,3.415432274667041
14977,234,1,3.4091557951470524
14978,234,2,3.40538910242996
14979,234,3,3.4037523142910926
14980,234,4,3.4038617564345834
14981,234,5,3.405342443911634
14982,234,6,0.8411450391297528
14983,234,7,0.844856543763309
14984,234,8,0.8501977145347795
14985,234,9,0.8571514901414753
14986,234,10,0.8656829482664664
14987,234,11,0.8757397689194142
14988,234,12,0.8872531048295546
14989,234,13,0.9001388089982467
14990,234,14,0.914298960091484
14991,234,15,0.9296236199397392
14992,234,16,0.9459927541505454
14993,234,17,2.04961229822634
14994,234,18,2.0575175988382886
14995,234,19,2.0640824276776257
14996,234,20,2.0693121232172778
14997,234,21,2.073226578815885
14998,234,22,2.0758536372794607
14999,234,23,2.077223027506038
15000,234,24,2.0773611596121175
15001,234,25,2.076287039046308
15002,234,26,2.074009493022503
15003,234,27,2.0705258275702563
15004,234,28,2.06582195434051
15005,234,29,2.059873946894263
15006,234,30,2.052650910366056
15007,234,31,2.044118979729611
15008,234,32,2.034246203598296
15009,234,33,2.023008025221762
15010,234,34,2.010393042080807
15011,234,35,1.9964087114726246
15012,234,36,1.9810866721548444
15013,234,37,1.9644873711049322
15014,234,38,1.9467037185953528
15015,234,39,1.9278635422124315
15016,234,40,1.9081306686706372
15017,234,41,1.8877045283196998
15018,234,42,1.8668182477994546
15019,234,43,1.845735267885849
15020,234,44,1.8247445927117036
15021,234,45,1.8041548399287843
15022,234,46,1.7842873160249009
15023,234,47,1.7654683844132362
15024,234,48,1.7480214241507293
15025,234,49,1.7322586929711616
15026,234,50,1.7184734092147316
15027,234,51,1.7069323534186234
15028,234,52,1.6978692627403151
15029,234,53,1.6914792516182888
15030,234,54,1.6879144423078798
15031,234,55,1.6872809317951918
15032,234,56,1.6896371600409765
15033,234,57,1.6949936816581102
15034,234,58,1.7033142821086966
15035,234,59,1.7145183232993235
15036,234,60,1.42714361757403
15037,234,61,1.4395076813224081
15038,234,62,1.4530883291685837
15039,234,64,1.4835189760116418
15040,235,0,3.441914043631021
15041,235,1,3.436028133456656
15042,235,2,3.432586995407925
15043,235,3,3.4312132804199624
15044,235,4,3.431526974915027
15045,235,5,3.433157622338829
15046,235,6,0.8338376346624015
15047,235,7,0.8380676837245621
15048,235,8,0.8438955446463638
15049,235,9,0.851295883976563
15050,235,10,0.8602268816121862
15051,235,11,0.8706309157807787
15052,235,12,0.8824355948548336
15053,235,13,0.8955550810922186
15054,235,14,0.9098916444402291
15055,235,15,0.9253373806629875
15056,235,16,0.941776027295765
15057,235,17,2.052789012165579
15058,235,18,2.0606688747638566
15059,235,19,2.067175839571194
15060,235,20,2.072315159635378
15061,235,21,2.076107004352674
15062,235,22,2.078579850181995
15063,235,23,2.0797644040286105
15064,235,24,2.079688377626896
15065,235,25,2.078372375845048
15066,235,26,2.0758270949518036
15067,235,27,2.072051951924233
15068,235,28,2.0670351865671144
15069,235,29,2.0607553984402363
15070,235,30,2.053184404197711
15071,235,31,2.044291231563892
15072,235,32,2.03404700704754
15073,235,33,2.0224304483363698
15074,235,34,2.009433641165372
15075,235,35,1.9950677656122684
15076,235,36,1.9793684387378212
15077,235,37,1.9624003589371894
15078,235,38,1.9442609711905672
15079,235,39,1.9250829197593446
15080,235,40,1.9050351133016832
15081,235,41,1.8843222939102402
15082,235,42,1.8631830728846848
15083,235,43,1.8418864686360383
15084,235,44,1.8207270524581953
15085,235,45,1.8000188726310933
15086,235,46,1.7800883833958803
15087,235,47,1.7612666501838885
15088,235,48,1.7438811340906235
15089,235,49,1.7282473756380958
15090,235,50,1.7146608997678374
15091,235,51,1.70338965090485
15092,235,52,1.6946672397124383
15093,235,53,1.6886872433792675
15094,235,54,1.6855987510939279
15095,235,55,1.6855032883957901
15096,235,56,1.688453191310734
15097,235,57,1.6944514367403212
15098,235,58,1.703452872654889
15099,235,59,1.7153667332951805
15100,235,60,1.4343240780360151
15101,235,61,1.447500764883067
15102,235,62,1.4619315995945668
15103,235,64,1.4941386300239756
15104,236,0,3.466077701850097
15105,236,1,3.4605138069315498
15106,236,2,3.457332887835561
15107,236,3,3.4561611483284134
15108,236,4,3.456623240636806
15109,236,5,3.4583542041588418
15110,236,6,0.8273839839721707
15111,236,7,0.8321814018762295
15112,236,8,0.8385410657012563
15113,236,9,0.8464287697241952
15114,236,10,0.8557952592945156
15115,236,11,0.8665771480558306
15116,236,12,0.878698120024854
15117,236,13,0.8920703564241556
15118,236,14,0.9065961227284248
15119,236,15,0.922169450091706
15120,236,16,0.9386778471240377
15121,236,17,2.056208839543261
15122,236,18,2.0640536387163158
15123,236,19,2.0704936116055963
15124,236,20,2.0755340655315893
15125,236,21,2.0791955426386237
15126,236,22,2.0815072103063628
15127,236,23,2.08250077550743
15128,236,24,2.082205243123221
15129,236,25,2.080642783321411
15130,236,26,2.077825906526906
15131,236,27,2.0737560696597668
15132,236,28,2.0684237578912974
15133,236,29,2.0618100060708104
15134,236,30,2.0538892470677137
15135,236,31,2.044633304219437
15136,236,32,2.034016285162231
15137,236,33,2.022020087307478
15138,236,34,2.008640193215265
15139,236,35,1.9938914184669758
15140,236,36,1.9778132759035116
15141,236,37,1.960474638008859
15142,236,38,1.941977412715365
15143,236,39,1.9224589951848317
15144,236,40,1.9020933167340794
15145,236,41,1.8810903790637639
15146,236,42,1.85969423398654
15147,236,43,1.8381794424041518
15148,236,44,1.8168461177931534
15149,236,45,1.796013725509766
15150,236,46,1.7760138667079621
15151,236,47,1.7571823219283935
15152,236,48,1.739850662384757
15153,236,49,1.7243377552464085
15154,236,50,1.7109414921213713
15155,236,51,1.699931057567664
15156,236,52,1.6915400276299406
15157,236,53,1.6859605486309215
15158,236,54,1.6833387958688497
15159,236,55,1.6837718531040173
15160,236,56,1.687306089739309
15161,236,57,1.6939370465989403
15162,236,58,1.7036107764199118
15163,236,59,1.7162265247115094
15164,236,60,1.4406774278914252
15165,236,61,1.4545894690339665
15166,236,62,1.4697933447867861
15167,236,64,1.5036260811298188
15168,237,0,3.4878879093865494
15169,237,1,3.4825787370765173
15170,237,2,3.4795940741720788
15171,237,3,3.4785646647637662
15172,237,4,3.4791207977350336
15173,237,5,3.4809039406440743
15174,237,6,0.8217701842994277
15175,237,7,0.8271829037983873
15176,237,8,0.8341186061685385
15177,237,9,0.842533626922142
15178,237,10,0.8523707537021248
15179,237,11,0.8635603857451537
15180,237,12,0.8760219145138984
15181,237,13,0.8896652600312586
15182,237,14,0.9043924955778535
15183,237,15,0.9200994947547824
15184,237,16,0.9366775393195269
15185,237,17,2.0598754914091186
15186,237,18,2.067674492471669
15187,237,19,2.074037206248793
15188,237,20,2.0789691456417234
15189,237,21,2.082491335021943
15190,237,22,2.0846337036739766
15191,237,23,2.085428995108121
15192,237,24,2.084907513695075
15193,237,25,2.0830929756761702
15194,237,26,2.0799996653642947
15195,237,27,2.075631022625031
15196,237,28,2.069979708227323
15197,237,29,2.063029113269523
15198,237,30,2.0547562015043463
15199,237,31,2.0451355026979297
15200,237,32,2.0341440144917695
15201,237,33,2.0217667223998617
15202,237,34,2.0080024147269513
15203,237,35,1.9928694527530162
15204,237,36,1.976411157105582
15205,237,37,1.9587004886219959
15206,237,38,1.9398437351696987
15207,237,39,1.9199829630773582
15208,237,40,1.8992970506120124
15209,237,41,1.8780011883648773
15210,237,42,1.85634480414568
15211,237,43,1.8346079444792913
15212,237,44,1.8130962174516934
15213,237,45,1.79213446899839
15214,237,46,1.7720594235971914
15215,237,47,1.7532115679953548
15216,237,48,1.735926590918708
15217,237,49,1.720526711198712
15218,237,50,1.7073122306687223
15219,237,51,1.696553636541325
15220,237,52,1.68848455155503
15221,237,53,1.683295790446276
15222,237,54,1.6811307303612022
15223,237,55,1.6820821432841868
15224,237,56,1.6861905734182456
15225,237,57,1.6934442749249783
15226,237,58,1.7037806588026407
15227,237,59,1.717089135137111
15228,237,60,1.446125428661483
15229,237,61,1.4606930322992784
15230,237,62,1.4765904282403124
15231,237,64,1.5118939796546418
15232,238,0,3.5073173899816688
15233,238,1,3.5021971813384662
15234,238,2,3.499346435262629
15235,238,3,3.4984013883789777
15236,238,4,3.498998899932836
15237,238,5,3.5007877598437407
15238,238,6,0.8169785175705245
15239,238,7,0.8230532390166835
15240,238,8,0.8306080219065228
15241,238,9,0.8395891736025497
15242,238,10,0.8499310175549036
15243,238,11,0.8615573043571485
15244,238,12,0.8743827786215321
15245,238,13,0.8883148306951163
15246,238,14,0.9032551629744823
15247,238,15,0.9191014045942537
15248,238,16,0.9357486153194355
15249,238,17,2.0637915432383735
15250,238,18,2.0715328861066746
15251,238,19,2.07780692891145
15252,238,20,2.0826195524606192
15253,238,21,2.0859923850024695
15254,238,22,2.0879562018286126
15255,238,23,2.0885448332738497
15256,238,24,2.0877899037677046
15257,238,25,2.0857166707179196
15258,238,26,2.0823411661236277
15259,238,27,2.0776687692538935
15260,238,28,2.0716942591858087
15261,238,29,2.064403315368307
15262,238,30,2.055775356562548
15263,238,31,2.0457875372277226
15264,238,32,2.034419659039124
15265,238,33,2.021659706599251
15266,238,34,2.0075096827465924
15267,238,35,1.991991401653436
15268,238,36,1.9751518978019058
15269,238,37,1.9570681257766553
15270,238,38,1.9378506586408264
15271,238,39,1.9176461397390092
15272,238,40,1.8966383016998942
15273,238,41,1.8750474342498686
15274,238,42,1.8531282558564695
15275,238,43,1.8311662196236993
15276,238,44,1.8094723576271323
15277,238,45,1.7883768364897004
15278,238,46,1.7682214572287842
15279,238,47,1.7493513814591362
15280,238,48,1.7321064016904617
15281,238,49,1.7168120941584655
15282,238,50,1.7037711975569705
15283,238,51,1.6932555501476447
15284,238,52,1.6854988917265394
15285,238,53,1.680690797255002
15286,238,54,1.67897195768881
15287,238,55,1.680430963267281
15288,238,56,1.6851026782554912
15289,238,57,1.692968227115689
15290,238,58,1.7039565436510185
15291,238,59,1.7179473700682282
15292,238,60,1.450595753822733
15293,238,61,1.4657370096612818
15294,238,62,1.4822464211945179
15295,238,64,1.5188624093167562
15296,239,0,3.5243468997189638
15297,239,1,3.519351693395234
15298,239,2,3.516574390660451
15299,239,3,3.515657634626426
15300,239,4,3.516245748674062
15301,239,5,3.5179956987468897
15302,239,6,0.8129877256383198
15303,239,7,0.8197695815849723
15304,239,8,0.8279849819698991
15305,239,9,0.8375696571492676
15306,239,10,0.8484489795706325
15307,239,11,0.8605396350700744
15308,239,12,0.873751383039882
15309,239,13,0.8879888288483249
15310,239,14,0.9031531352766865
15311,239,15,0.9191436064728591
15312,239,16,0.9358590876645122
15313,239,17,2.067958429264642
15314,239,18,2.075629121027484
15315,239,19,2.081801939603565
15316,239,20,2.0864833063740225
15317,239,21,2.0896955866009956
15318,239,22,2.09147049812125
15319,239,23,2.0918430215216426
15320,239,24,2.090846135422574
15321,239,25,2.088506647159449
15322,239,26,2.0848423236496707
15323,239,27,2.0798604528658604
15324,239,28,2.073557886790548
15325,239,29,2.065922535895696
15326,239,30,2.0569362069838877
15327,239,31,2.046578604392928
15328,239,32,2.0348322525051694
15329,239,33,2.0216880481191186
15330,239,34,2.0071511168002236
15331,239,35,1.9912466293590287
15332,239,36,1.9740252338327684
15333,239,37,1.9555677746640692
15334,239,38,1.9359890032520677
15335,239,39,1.9154400310040884
15336,239,40,1.8941093350683709
15337,239,41,1.8722221951495241
15338,239,42,1.8500385138547097
15339,239,43,1.827849049297599
15340,239,44,1.805970163532927
15341,239,45,1.7847372602441682
15342,239,46,1.7644971466714647
15343,239,47,1.7455996051866927
15344,239,48,1.7283884969004113
15345,239,49,1.7131927415922292
15346,239,50,1.7003175242017596
15347,239,51,1.6900360679864945
15348,239,52,1.6825822889017639
15349,239,53,1.6781446061739662
15350,239,54,1.6768611324651537
15351,239,55,1.6788164060576056
15352,239,56,1.684039760131179
15353,239,57,1.692505353739936
15354,239,58,1.7041338188963815
15355,239,59,1.7187954115579611
15356,239,60,1.454022632439809
15357,239,61,1.469653928833719
15358,239,62,1.4866922699458964
15359,239,64,1.5244595715476978
15360,240,0,3.5389651663189987
15361,240,1,3.534033052795448
15362,240,2,3.5312708191368
15363,240,3,3.5303283878047624
15364,240,4,3.53085839751294
15365,240,5,3.5325268009535598
15366,240,6,0.8097732976064874
15367,240,7,0.8173055251165329
15368,240,8,0.826221271060198
15369,240,9,0.8364451638014349
15370,240,10,0.847893160570228
15371,240,11,0.8604744868989647
15372,240,12,0.874093596453904
15373,240,13,0.8886520688955069
15374,240,14,0.904050369467676
15375,240,15,0.920189403502713
15376,240,16,0.9369718114969416
15377,240,17,2.0723764447458604
15378,240,18,2.079962361176096
15379,240,19,2.086020272897172
15380,240,20,2.090557324110771
15381,240,21,2.093596760952391
15382,240,22,2.095171352015529
15383,240,23,2.095317303954334
15384,240,24,2.094068996536589
15385,240,25,2.091454808736768
15386,240,26,2.0874942423616205
15387,240,27,2.0821964755615823
15388,240,28,2.0755603990699907
15389,240,29,2.0675761070175427
15390,240,30,2.058227735613748
15391,240,31,2.0474974706395486
15392,240,32,2.035370481993407
15393,240,33,2.0218404934232135
15394,240,34,2.006915660375496
15395,240,35,1.9906244101855366
15396,240,36,1.9730208973971255
15397,240,37,1.954189742784902
15398,240,38,1.9342497567767372
15399,240,39,1.9133563947836194
15400,240,40,1.8917027510948705
15401,240,41,1.8695189665697751
15402,240,42,1.8470700000076468
15403,240,43,1.8246517901979218
15404,240,44,1.8025859115427192
15405,240,45,1.7812128971985353
15406,240,46,1.7608844665556946
15407,240,47,1.7419549456382228
15408,240,48,1.7247722072944232
15409,240,49,1.7096684811563279
15410,240,50,1.6969513903121851
15411,240,51,1.6868955622777693
15412,240,52,1.6797351367680697
15413,240,53,1.67565745330309
15414,240,54,1.674798149843741
15415,240,55,1.6772378420264291
15416,240,56,1.6830004841644755
15417,240,57,1.6920534413119541
15418,240,58,1.7043092297644107
15419,240,59,1.719628814778604
15420,240,60,1.456347432932015
15421,240,61,1.4723838840509662
15422,240,62,1.4898668982139325
15423,240,64,1.5286224005129345
15424,241,0,3.55116880007747
15425,241,1,3.5462401649982196
15426,241,2,3.5434369484584516
15427,241,3,3.5424171813630663
15428,241,4,3.5428426238824073
15429,241,5,3.5443889809859077
15430,241,6,0.8073077658649674
15431,241,7,0.815631388830832
15432,241,8,0.8252851051302168
15433,241,9,0.8361819432622085
15434,241,10,0.8482280064339163
15435,241,11,0.8613246872386894
15436,241,12,0.8753708328110118
15437,241,13,0.8902647722569089
15438,241,14,0.905906126939309
15439,241,15,0.9221973364688165
15440,241,16,0.9390448484736268
15441,241,17,2.0770447560324232
15442,241,18,2.084530652214322
15443,241,19,2.0904588659277334
15444,241,20,2.0948374551838564
15445,241,21,2.0976907007307815
15446,241,22,2.0990525409661536
15447,241,23,2.0989604959894215
15448,241,24,2.0974504056912777
15449,241,25,2.0945522545667536
15450,241,26,2.0902872912723547
15451,241,27,2.084666577069638
15452,241,28,2.0776910178591548
15453,241,29,2.0693528533931285
15454,241,30,2.059638498392845
15455,241,31,2.0485325574771553
15456,241,32,2.036022772502092
15457,241,33,2.0221056101062933
15458,241,34,2.0067921613196176
15459,241,35,1.990114005660347
15460,241,36,1.972128690054807
15461,241,37,1.9529244881607186
15462,241,38,1.9326241374307003
15463,241,39,1.9113872978989968
15464,241,40,1.8894115358955206
15465,241,41,1.8669317047838605
15466,241,42,1.8442176700392245
15467,241,43,1.8215704039048357
15468,241,44,1.7993165517642873
15469,241,45,1.7778016445921325
15470,241,46,1.7573821959949454
15471,241,47,1.738416975440708
15472,241,48,1.7212577888567564
15473,241,49,1.706240122079452
15474,241,50,1.6936740106283272
15475,241,51,1.68383549070424
15476,241,52,1.6769589617155256
15477,241,53,1.6732307513141818
15478,241,54,1.6727841218584238
15479,241,55,1.6756958949745078
15480,241,56,1.6819848014905339
15481,241,57,1.691611590782592
15482,241,58,1.7044808599745558
15483,241,59,1.7204444929040743
15484,241,60,1.4575191816245303
15485,241,61,1.4738750619411676
15486,241,62,1.4917177390567888
15487,241,64,1.531297103221566
15488,242,0,3.560962177557989
15489,242,1,3.5559799329682056
15490,242,2,3.553082215625727
15491,242,3,3.551935947685396
15492,242,4,3.5522127694866525
15493,242,5,3.5535988564992675
15494,242,6,0.8055610075220676
15495,242,7,0.8147145312221762
15496,242,8,0.8251414566750754
15497,242,9,0.8367427448776751
15498,242,10,0.8494142343122247
15499,242,11,0.8630491371333555
15500,242,12,0.8775404145644446
15501,242,13,0.8927829374015612
15502,242,14,0.908675349045811
15503,242,15,0.9251215635668955
15504,242,16,0.9420318493051167
15505,242,17,2.0819614182458386
15506,242,18,2.08933094842259
15507,242,19,2.0951135941039114
15508,242,20,2.099318525926493
15509,242,21,2.1019712219540265
15510,242,22,2.1031069193638383
15511,242,23,2.102764549750567
15512,242,24,2.1009814832560623
15513,242,25,2.097789355112611
15514,242,26,2.093211183978839
15515,242,27,2.087259917865146
15516,242,28,2.0799384641192646
15517,242,29,2.0712411787482363
15518,242,30,2.061156711226487
15519,242,31,2.0496720276889024
15520,242,32,2.03677737153327
15521,242,33,2.0224718689864365
15522,242,34,2.0067694505375395
15523,242,35,1.9897047389998164
15524,242,36,1.971338552218888
15525,242,37,1.9517626831514219
15526,242,38,1.9311036514096867
15527,242,39,1.9095251668285014
15528,242,40,1.8872291048732484
15529,242,41,1.8644548628845892
15530,242,42,1.8414770419049193
15531,242,43,1.8186014775172978
15532,242,44,1.7961597209958706
15533,242,45,1.774502145426157
15534,242,46,1.7539899168506485
15535,242,47,1.7349861248782161
15536,242,48,1.7178464080570326
15537,242,49,1.702909434802073
15538,242,50,1.690487609684527
15539,242,51,1.6808583671155388
15540,242,52,1.6742563903722831
15541,242,53,1.6708670547695903
15542,242,54,1.670821341525061
15543,242,55,1.674192406050231
15544,242,56,1.6809939140481545
15545,242,57,1.6911801842547853
15546,242,58,1.7046481014329273
15547,242,59,1.7212406908077098
15548,242,60,1.457495011417852
15549,242,61,1.474084194754752
15550,242,62,1.4922011915557059
15551,242,64,1.5324396198679169
15552,243,0,3.5683572992410064
15553,243,1,3.5632671015783464
15554,243,2,3.560224098866949
15555,243,3,3.5589048386874738
15556,243,4,3.558991550677174
15557,243,5,3.560181549771302
15558,243,6,0.8045005480157518
15559,243,7,0.8145196680358667
15560,243,8,0.825752386305107
15561,243,9,0.8380871618980417
15562,243,10,0.8514091885289989
15563,243,11,0.8656031776431029
15564,243,12,0.8805559482048055
15565,243,13,0.8961587231381012
15566,243,14,0.912309046659983
15567,243,15,0.9289122546637996
15568,243,16,0.9458824511154733
15569,243,17,2.087123400317116
15570,243,18,2.0943591469909095
15571,243,19,2.099979314135515
15572,243,20,2.103994390670415
15573,243,21,2.106431222657723
15574,243,22,2.1073264839861494
15575,243,23,2.1067206255168465
15576,243,24,2.1046526280034716
15577,243,25,2.1011558330851208
15578,243,26,2.0962550629294525
15579,243,27,2.0899651658515395
15580,243,28,2.082291046060004
15581,243,29,2.0732291544515986
15582,243,30,2.0627703380274705
15583,243,31,2.050903871862972
15584,243,32,2.037622433156592
15585,243,33,2.0229277247788042
15586,243,34,2.0068364183991574
15587,243,35,1.9893860664312855
15588,243,36,1.970640628643435
15589,243,37,1.9506952734402305
15590,243,38,1.9296801447938754
15591,243,39,1.9077628320540052
15592,243,40,1.8851493391372665
15593,243,41,1.8620834190221092
15594,243,42,1.8388442157132037
15595,243,43,1.8157422352469408
15596,243,44,1.793113746106112
15597,243,45,1.7713137838679778
15598,243,46,1.7507080015216743
15599,243,47,1.731663662545829
15600,243,48,1.7145401159604594
15601,243,49,1.699679119239756
15602,243,50,1.6873953850183172
15603,243,51,1.6779677205601868
15604,243,52,1.6716311054101942
15605,243,53,1.6685700137119084
15606,243,54,1.6689132352719396
15607,243,55,1.6727303861092668
15608,243,56,1.680030227974402
15609,243,57,1.6907608405215875
15610,243,58,1.7048116130106263
15611,243,59,1.722016948152549
15612,243,60,1.4562405366367008
15613,243,61,1.4729769369684895
15614,243,62,1.4912829982551847
15615,243,64,1.5320160003491525
15616,244,0,3.5733736224100663
15617,244,1,3.568124076159007
15618,244,2,3.5648879227778116
15619,244,3,3.563352018655421
15620,244,4,3.5632098402748102
15621,244,5,3.564170459954914
15622,244,6,0.804091863820413
15623,244,7,0.8150091913542878
15624,244,8,0.827077377296826
15625,244,9,0.8401719804197281
15626,244,10,0.8541672026868655
15627,244,11,0.8689389637408536
15628,244,12,0.8843677084456932
15629,244,13,0.9003408414742904
15630,244,14,0.9167547000003776
15631,244,15,0.9335159963192599
15632,244,16,2.0838103532185577
15633,244,17,2.092526617077392
15634,244,18,2.099610129322352
15635,244,19,2.1050499139330534
15636,244,20,2.1088579895588038
15637,244,21,2.1110627478765376
15638,244,22,2.111702445344385
15639,244,23,2.110819168579577
15640,244,24,2.108453598573569
15641,244,25,2.1046408485723984
15642,244,26,2.099407587244599
15643,244,27,2.0927705858739207
15644,244,28,2.084736749333185
15645,244,29,2.0753046093722767
15646,244,30,2.0644671792270657
15647,244,31,2.0522159945648535
15648,244,32,2.0385461008799273
15649,244,33,2.0234616947428035
15650,244,34,2.0069820882941998
15651,244,35,1.989147644851481
15652,244,36,1.9700253294570087
15653,244,37,1.9497135318002998
15654,244,38,1.9283458495018493
15655,244,39,1.90609356576141
15656,244,40,1.883166614621635
15657,244,41,1.85981289673079
15658,244,42,1.8363158851740708
15659,244,43,1.8129905410275593
15660,244,44,1.7901776379708765
15661,244,45,1.7682366708079376
15662,244,46,1.7475375905373696
15663,244,47,1.7284516655142537
15664,244,48,1.7113418116121037
15665,244,49,1.6965527621398562
15666,244,50,1.6844014593472778
15667,244,51,1.675168043214274
15668,244,52,1.669087790228554
15669,244,53,1.666344316164255
15670,244,54,1.6670643043622078
15671,244,55,1.671313957194276
15672,244,56,1.6790972962914177
15673,244,57,1.6903563601098428
15674,244,58,1.7049732690795187
15675,244,59,1.7227740525261328
15676,244,60,1.4537301508840077
15677,244,61,1.4705281620712138
15678,244,62,1.4889385401518622
15679,244,64,1.5300026937426952
15680,245,0,3.5760378706261404
15681,245,1,3.570580716608126
15682,245,2,3.5671066380760186
15683,245,3,3.5653134308437746
15684,245,4,3.5649064223925233
15685,245,5,3.5656070076774737
15686,245,6,0.8042986813336864
15687,245,7,0.8161434867477891
15688,245,8,0.8290736699558068
15689,245,9,0.8429515297308792
15690,245,10,0.857639964597054
15691,245,11,0.8730058422720901
15692,245,12,0.8889230275200916
15693,245,13,0.9052749564388386
15694,245,14,0.9219566650740165
15695,245,15,0.9388762038788658
15696,245,16,2.0895920330565705
15697,245,17,2.0981659680393467
15698,245,18,2.105077808915778
15699,245,19,2.1103183688799425
15700,245,20,2.113901412435904
15701,245,21,2.1158570603231763
15702,245,22,2.1162253042727346
15703,245,23,2.1150499908169813
15704,245,24,2.112373599070221
15705,245,25,2.108233087661764
15706,245,26,2.1026570233439315
15707,245,27,2.0956641313157753
15708,245,28,2.0872633285568667
15709,245,29,2.0774552202928445
15710,245,30,2.066234960053276
15711,245,31,2.0535962994820305
15712,245,32,2.039536588698494
15713,245,33,2.0240624347217766
15714,245,34,2.007195686808113
15715,245,35,1.9889793953548998
15716,245,36,1.9694833863412753
15717,245,37,1.9488091063127921
15718,245,38,1.9270934230380905
15719,245,39,1.9045111127164667
15720,245,40,1.8812758238041767
15721,245,41,1.857639377327441
15722,245,42,1.8338893406381964
15723,245,43,1.8103448922845604
15724,245,44,1.7873510761906175
15725,245,45,1.7652716198692109
15726,245,46,1.7444805603283289
15727,245,47,1.725352979448779
15728,245,48,1.708255195203349
15729,245,49,1.693534784098426
15730,245,50,1.6815108223329556
15731,245,51,1.6724647278711378
15732,245,52,1.6666320632178615
15733,245,53,1.6641956202724173
15734,245,54,1.6652800560603809
15735,245,55,1.6699482838986457
15736,245,56,1.6781997516521856
15737,245,57,1.6899706605897962
15738,245,58,1.7051360985500312
15739,245,59,1.7235139833394066
15740,245,60,1.4499472455182123
15741,245,61,1.466722177151842
15742,245,62,1.4851530468596017
15743,245,64,1.5263867483960043
15744,246,0,3.5763838211999146
15745,246,1,3.5706741085423275
15746,246,2,3.566920577512584
15747,246,3,3.5648325394264724
15748,246,4,3.5641277218950593
15749,246,5,3.564540353654558
15750,246,6,0.8050832692275881
15751,246,7,0.8178812456303617
15752,246,8,0.8316965927967528
15753,246,9,0.8463780309416024
15754,246,10,0.8617768808028328
15755,246,11,0.8777507306476721
15756,246,12,0.8941666861722776
15757,246,13,0.9109040853796985
15758,246,14,0.927856583193465
15759,246,15,0.9449335370575558
15760,246,16,2.0956245403276936
15761,246,17,2.1040353824573157
15762,246,18,2.1107551853448197
15763,246,19,2.1157768039304363
15764,246,20,2.1191159682099667
15765,246,21,2.1208047161131747
15766,246,22,2.1208849330678285
15767,246,23,2.1194023562634112
15768,246,24,2.1164013680434954
15769,246,25,2.111920853794649
15770,246,26,2.1059913376169046
15771,246,27,2.098633537020744
15772,246,28,2.0898583994255953
15773,246,29,2.079668602156898
15774,246,30,2.0680614178862755
15775,246,31,2.0550327728905637
15776,246,32,2.040582259719301
15777,246,33,2.024718812026533
15778,246,34,2.007466710031351
15779,246,35,1.9888715622116193
15780,246,36,1.9690059035063718
15781,246,37,1.9479740627646085
15782,246,38,1.9259159818423295
15783,246,39,1.9030097142070193
15784,246,40,1.879472390001273
15785,246,41,1.8555595044416688
15786,246,42,1.831562463872594
15787,246,43,1.8078044050941913
15788,246,44,1.784634384899961
15789,246,45,1.7624201142612983
15790,246,46,1.7415394816404608
15791,246,47,1.7223711692182997
15792,246,48,1.7052847116209044
15793,246,49,1.6906303768960136
15794,246,50,1.678729262641766
15795,246,51,1.6698639957455184
15796,246,52,1.6642704023924133
15797,246,53,1.662130476904361
15798,246,54,1.6635669253760832
15799,246,55,1.668639495455768
15800,246,56,1.6773432299855746
15801,246,57,1.6896087029801932
15802,246,58,1.7053042152200906
15803,246,59,1.7242398472689557
15804,246,60,1.444884347184311
15805,246,61,1.4615528537444655
15806,246,62,1.4799217204326516
15807,246,64,1.5211659211699047
15808,247,0,3.57445207212082
15809,247,1,3.568448313023607
15810,247,2,3.564377189541425
15811,247,3,3.561960048459816
15812,247,4,3.560927510201719
15813,247,5,3.561027093061007
15814,247,6,0.8064067217763
15815,247,7,0.8201797701750105
15816,247,8,0.8348998877484962
15817,247,9,0.850401940971166
15818,247,10,0.8665254376461518
15819,247,11,0.8831184931108008
15820,247,12,0.9000413030928166
15821,247,13,0.9171689994087898
15822,247,14,0.934393790177172
15823,247,15,0.9516263155784481
15824,247,16,2.1019018098792084
15825,247,17,2.110127870207023
15826,247,18,2.1166344038046985
15827,247,19,2.121416560943217
15828,247,20,2.1244922590460433
15829,247,21,2.1258956448472546
15830,247,22,2.12567066045464
15831,247,23,2.1238650699225667
15832,247,24,2.12052527009052
15833,247,25,2.1156921610793074
15834,247,26,2.1093982903633823
15835,247,27,2.1016664127775297
15836,247,28,2.092509530665476
15837,247,29,2.081932397439184
15838,247,30,2.0699343880175265
15839,247,31,2.0565135648164588
15840,247,32,2.0416717017878447
15841,247,33,2.025419974650768
15842,247,34,2.007784985557614
15843,247,35,1.9888147669232146
15844,247,36,1.9685844031696873
15845,247,37,1.9472009210144439
15846,247,38,1.9248071281145192
15847,247,39,1.9015841250127372
15848,247,40,1.87775227428813
15849,247,41,1.8535704808167068
15850,247,42,1.8293337147991864
15851,247,43,1.8053687910453289
15852,247,44,1.7820285000660374
15853,247,45,1.7596842649537614
15854,247,46,1.7387175691445682
15855,247,47,1.7195104606169709
15856,247,48,1.7024354850650392
15857,247,49,1.6878454318962597
15858,247,50,1.6760632910964475
15859,247,51,1.6673728154272878
15860,247,52,1.662010061259687
15861,247,53,1.6601562435987929
15862,247,54,1.661932188290999
15863,247,55,1.6673945994643935
15864,247,56,1.6765342859459742
15865,247,57,1.6892764101390472
15866,247,58,1.7054827403004709
15867,247,59,1.7249558060731671
15868,247,60,1.4385431736518641
15869,247,61,1.4550236742299325
15870,247,62,1.47324977219344
15871,247,64,1.5143486952754819
15872,248,0,3.570289789940177
15873,248,1,3.563954096440331
15874,248,2,3.5595307513981718
15875,248,3,3.5567535995707127
15876,248,4,3.555366589197401
15877,248,5,3.555130927465193
15878,248,6,0.8082292309258051
15879,248,7,0.8229952683846844
15880,248,8,0.8386360268215826
15881,248,9,0.8549722891840492
15882,248,10,0.8718315560374414
15883,248,11,0.8890523116210779
15884,248,12,0.9064877197387371
15885,248,13,0.9240086198512787
15886,248,14,0.9415057220248952
15887,248,15,0.9588909316106208
15888,248,16,2.1084168466242237
15889,248,17,2.116435577982969
15890,248,18,2.1227068196576435
15891,248,19,2.1272282706225942
15892,248,20,2.1300202587106134
15893,248,21,2.131119233332531
15894,248,22,2.130571359628836
15895,248,23,2.128426569053361
15896,248,24,2.124733389291844
15897,248,25,2.1195348287766165
15898,248,26,2.1128655302276083
15899,248,27,2.104750336608915
15900,248,28,2.0952043351020735
15901,248,29,2.084234363942425
15902,248,30,2.0718418871613307
15903,248,31,2.0580270672933634
15904,248,32,2.0427937995788947
15905,248,33,2.0261554163473634
15906,248,34,2.008140729773303
15907,248,35,1.9888000570376485
15908,248,36,1.9682108653020274
15909,248,37,1.9464826851778276
15910,248,38,1.9237609700554512
15911,248,39,1.900229623433407
15912,248,40,1.8761119751673263
15913,248,41,1.8516700575950547
15914,248,42,1.827202110500825
15915,248,43,1.803038326196352
15916,248,44,1.7795349287528128
15917,248,45,1.7570667607281332
15918,248,46,1.7360186228750012
15919,248,47,1.7167756739017273
15920,248,48,1.699713245503348
15921,248,49,1.6851864603292597
15922,248,50,1.6735200557876915
15923,248,51,1.6649988138934035
15924,248,52,1.6598589768651042
15925,248,53,1.6582809908218512
15926,248,54,1.6603838674388134
15927,248,55,1.6662213882206371
15928,248,56,1.6757803011287755
15929,248,57,1.6889805780819744
15930,248,58,1.7056777180290803
15931,248,59,1.7256669976557752
15932,248,60,1.4309346080376515
15933,248,61,1.4471476939393353
15934,248,62,1.4651523727773659
15935,248,64,1.505954207043958
15936,249,0,3.5639504401344273
15937,249,1,3.557248642154949
15938,249,2,3.5524420632777396
15939,249,3,3.54927745012677
15940,249,4,3.5475124550647648
15941,249,5,3.546922316184407
15942,249,6,0.810510345144284
15943,249,7,0.8262831371782603
15944,249,8,0.8428565179300541
15945,249,9,0.8600370042117306
15946,249,10,0.8776399373252541
15947,249,11,0.8954940486280103
15948,249,12,0.9134453777038142
15949,249,13,0.9313604077748233
15950,249,14,0.9491283140726221
15951,249,15,0.9666622559582589
15952,249,16,2.1151617775749507
15953,249,17,2.1229498502730872
15954,249,18,2.128963067371932
15955,249,19,2.133201928406771
15956,249,20,2.135689394361418
15957,249,21,2.1364644121995973
15958,249,22,2.1355755386062745
15959,249,23,2.133075016142898
15960,249,24,2.129013623691715
15961,249,25,2.1234365761714304
15962,249,26,2.1163806883520437
15963,249,27,2.1078729471151783
15964,249,28,2.0979305591246455
15965,249,29,2.086562460346551
15966,249,30,2.0737721940952887
15967,249,31,2.0595619891517467
15968,249,32,2.0439378026525348
15969,249,33,2.0269150371393074
15970,249,34,2.0085246000903165
15971,249,35,1.9888189494586412
15972,249,36,1.967877761464115
15973,249,37,1.9458128675446875
15974,249,38,1.9227721355293261
15975,249,39,1.8989420144760782
15976,249,40,1.8745485211801687
15977,249,41,1.8498565163768246
15978,249,42,1.8251671968742893
15979,249,43,1.8008138125954292
15980,249,44,1.7771557009048777
15981,249,45,1.7545708107418463
15982,249,46,1.7334469622060704
15983,249,47,1.7141721499228764
15984,249,48,1.6971242477986328
15985,249,49,1.6826605063518483
15986,249,50,1.6711072500832245
15987,249,51,1.6627501805515321
15988,249,52,1.6578256710123995
15989,249,53,1.656513401549169
15990,249,54,1.6589306312624497
15991,249,55,1.665128338677787
15992,249,56,1.6750893860595264
15993,249,57,1.6887287812124259
15994,249,58,1.7058960253250088
15995,249,59,1.7263794512842554
15996,249,60,1.4220785923077903
15997,249,61,1.4379474199430033
15998,249,62,1.455654516464447
15999,249,64,1.4960120828592793
16000,250,0,3.555493501493214
16001,250,1,3.5483952455543077
16002,250,2,3.5431781253282324
16003,250,3,3.5396021336772816
16004,250,4,3.5374389438870804
16005,250,5,3.536478108959822
16006,250,6,0.8132092133828505
16007,250,7,0.8299982316331431
16008,250,8,0.8475121978330062
16009,250,9,0.8655432287634579
16010,250,10,0.8838943979218916
16011,250,11,0.9023845992595148
16012,250,12,0.9208526860515831
16013,250,13,0.9391607439170592
16014,250,14,0.9571963908701928
16015,250,15,0.9748740351890243
16016,250,16,2.1221279084633142
16017,250,17,2.1296612945366014
16018,250,18,2.1353931332190657
16019,250,19,2.1393269736158893
16020,250,20,2.1414886310533476
16021,250,21,2.141919744654681
16022,250,22,2.1406714320975304
16023,250,23,2.1377983927735817
16024,250,24,2.1333537800288136
16025,250,25,2.1273851170458573
16026,250,26,2.119931471487331
16027,250,27,2.11102203413782
16028,250,28,2.100676169851658
16029,250,29,2.08890492886327
16030,250,30,2.0757139268389087
16031,250,31,2.061107426812892
16032,250,32,2.04509338901987
16033,250,33,2.0276891988870362
16034,250,34,2.0089277418268248
16035,250,35,1.9888634680415107
16036,250,36,1.9675780826164342
16037,250,37,1.9451855062061552
16038,250,38,1.92183577922042
16039,250,39,1.8977176263693207
16040,250,40,1.8730594567248722
16041,250,41,1.8481286444093097
16042,250,42,1.8232290133809013
16043,250,43,1.798696532903731
16044,250,44,1.7748933142747787
16045,250,45,1.752200080307727
16046,250,46,1.731007353143264
16047,250,47,1.7117056696914998
16048,250,48,1.6946751844137795
16049,250,49,1.680275053838655
16050,250,50,1.668833014530402
16051,250,51,1.660635565344389
16052,250,52,1.6559191457119762
16053,250,53,1.6548626652390888
16054,250,54,1.6575816877175702
16055,250,55,1.664124507095885
16056,250,56,1.6744702770014344
16057,250,57,1.6885292724810104
16058,250,58,1.706145276462079
16059,250,59,1.7270999978956725
16060,250,60,1.4120039417552
16061,250,61,1.4274546083300352
16062,250,62,1.4447908017078066
16063,250,64,1.4845621883550042
16064,251,0,3.544984166086326
16065,251,1,3.537462994151948
16066,251,2,3.5318117991963836
16067,251,3,3.5278041044758113
16068,251,4,3.5252258608969482
16069,251,5,3.5238811618791352
16070,251,6,0.8162848127794302
16071,251,7,0.8340951188223777
16072,251,8,0.8525535104513484
16073,251,9,0.8714376205130531
16074,251,10,0.8905381906193085
16075,251,11,0.9096642307240067
16076,251,12,0.9286473762921783
16077,251,13,0.9473452965940876
16078,251,14,0.9656440442859334
16079,251,15,0.9834592771477809
16080,251,16,2.1293057844136936
16081,251,17,2.1365598499824157
16082,251,18,2.141986431068657
16083,251,19,2.1455923711517655
16084,251,20,2.1474065582149877
16085,251,21,2.147473516594725
16086,251,22,2.1458470941191927
16087,251,23,2.1425845935906263
16088,251,24,2.1377416679288013
16089,251,25,2.1313682529812503
16090,251,26,2.12350575331071
16091,251,27,2.1141856270312003
16092,251,28,2.1034294393297372
16093,251,29,2.0912503743814046
16094,251,30,2.0776561158172124
16095,251,31,2.062652930603402
16096,251,32,2.0462507238097003
16097,251,33,2.028468775584929
16098,251,34,2.009341829495216
16099,251,35,1.9889261753253122
16100,251,36,1.9673053608460227
16101,251,37,1.9445951764301967
16102,251,38,1.9209475834205791
16103,251,39,1.8965533006386721
16104,251,40,1.8716428214122016
16105,251,41,1.8464857033330744
16106,251,42,1.8213880514119627
16107,251,43,1.796688198726868
16108,251,44,1.7727506731826073
16109,251,45,1.7499586206556264
16110,251,46,1.7287049297672303
16111,251,47,1.7093823682858407
16112,251,48,1.692373092652217
16113,251,49,1.6780379279104407
16114,251,50,1.6667058336977503
16115,251,51,1.6586639719896903
16116,251,52,1.6541487739517975
16117,251,53,1.6533383673011879
16118,251,54,1.656346673625929
16119,251,55,1.6632194194737706
16120,251,56,1.6739322286528213
16121,251,57,1.6883908795143343
16122,251,58,1.7064337237612528
16123,251,59,1.7278361764387236
16124,251,60,1.4007480829246628
16125,251,61,1.4157099825792312
16126,251,62,1.4326051305826935
16127,251,64,1.4716542928211256
16128,252,0,3.5324930263636922
16129,252,1,3.5245264343956597
16130,252,2,3.5184214558674256
16131,252,3,3.5139653679065384
16132,252,4,3.5109585952612474
16133,252,5,3.509219938493626
16134,252,6,0.8196961590501256
16135,252,7,0.8385283149906483
16136,252,8,0.8579307691166956
16137,252,9,0.8776666374456735
16138,252,10,0.8975143108222191
16139,252,11,0.9172729070133849
16140,252,12,0.9367668429693572
16141,252,13,0.9558493754548963
16142,252,14,0.9744049976220462
16143,252,15,0.9923506225789287
16144,252,16,2.1366852541055796
16145,252,17,2.143634859322038
16146,252,18,2.1487318806014266
16147,252,19,2.151986695026561
16148,252,20,2.1534314773406127
16149,252,21,2.153113827308525
16150,252,22,2.1510904905542576
16151,252,23,2.147421519582242
16152,252,24,2.1421651927815204
16153,252,25,2.135373964732677
16154,252,26,2.127091663227581
16155,252,27,2.117352079857296
16156,252,28,2.1061790251308543
16157,252,29,2.0935878395258833
16158,252,30,2.0795882724981696
16159,252,31,2.064188566152079
16160,252,32,2.0474005126773283
16161,252,33,2.0292451981129718
16162,252,34,2.0097591023126347
16163,252,35,1.9890001983096965
16164,252,36,1.9670536850143499
16165,252,37,1.9440369958875825
16166,252,38,1.920103752647151
16167,252,39,1.8954463760406335
16168,252,40,1.870297123352326
16169,252,41,1.8449273919724511
16170,252,42,1.819645206847674
16171,252,43,1.7947908933197927
16172,252,44,1.7707310218545562
16173,252,45,1.7478507934983494
16174,252,46,1.726545110721458
16175,252,47,1.7072086440489052
16176,252,48,1.6902252574393057
16177,252,49,1.6759571922494858
16178,252,50,1.6647344290405095
16179,252,51,1.6568446474664618
16180,252,52,1.6525241869174012
16181,252,53,1.6519503751924467
16182,252,54,1.6552355408064878
16183,252,55,1.6624229588768964
16184,252,56,1.6734849038230755
16185,252,57,1.6883228977672131
16186,252,58,1.7067701553114252
16187,252,59,1.7285961372078709
16188,252,60,1.38835671820118
16189,252,61,1.402762876384198
16190,252,62,1.4191503306585418
16191,252,64,1.4573476525739821
16192,253,0,3.518095750934092
16193,253,1,3.5096652268283117
16194,253,2,3.5030906115403093
16195,253,3,3.49817309863788
16196,253,4,3.4947277222973074
16197,253,5,3.4925880980845125
16198,253,6,0.8234024988277364
16199,253,7,0.8432525051254675
16200,253,8,0.8635944016181492
16201,253,9,0.884176806354208
16202,253,10,0.9047657862281973
16203,253,11,0.9251505972945087
16204,253,12,0.9451484681218401
16205,253,13,0.9646082692422447
16206,253,14,0.983412953818105
16207,253,15,1.0014807008723463
16208,253,16,2.144255536841903
16209,253,17,2.150875142853206
16210,253,18,2.155617987247388
16211,253,19,2.158498212989179
16212,253,20,2.1595514901390387
16213,253,21,2.1588286799889356
16214,253,22,2.156389590881151
16215,253,23,2.1522971698973716
16216,253,24,2.146612446543616
16217,253,25,2.139390500942793
16218,253,26,2.130677671959167
16219,253,27,2.1205101528519257
16220,253,28,2.1089140467503023
16221,253,29,2.0959068750953262
16222,253,30,2.081500453038713
16223,253,31,2.065704970480473
16224,253,32,2.0485340496492292
16225,253,33,2.0300104932246876
16226,253,34,2.010172393806682
16227,253,35,1.9890792482436979
16228,253,36,1.9668177103902447
16229,253,37,1.943506623890119
16230,253,38,1.9193010023513633
16231,253,39,1.89439466671251
16232,253,40,1.8690213068256518
16233,253,41,1.8434538037158488
16234,253,42,1.8180017274439102
16235,253,43,1.7930070093838473
16236,253,44,1.7688378731379046
16237,253,45,1.7458811912718786
16238,253,46,1.724533511679072
16239,253,47,1.7051910640704238
16240,253,48,1.6882391106872383
16241,253,49,1.6740410432852537
16242,253,50,1.662927648904692
16243,253,51,1.6551869688839616
16244,253,52,1.6510551588091626
16245,253,53,1.6507087222910484
16246,253,54,1.6542584401260443
16247,253,55,1.6617452507844108
16248,253,56,1.6731382611824728
16249,253,57,1.6883349817558375
16250,253,58,1.7071637907290154
16251,253,59,1.7293885431238336
16252,253,60,1.374883420980054
16253,253,61,1.3886708050153544
16254,253,62,1.4044877035323289
16255,253,64,1.4417105178049214
16256,254,0,3.5018727505514837
16257,254,1,3.4929637912358986
16258,254,2,3.485907553267907
16259,254,3,3.4805192483185614
16260,254,4,3.476628595010129
16261,254,5,3.474084073031314
16262,254,6,0.8273634835218501
16263,254,7,0.8482227442931424
16264,254,8,0.8694951772243282
16265,254,9,0.8909149734850896
16266,254,10,0.9122359487932502
16267,254,11,0.9332375666839605
16268,254,12,0.9537299281891012
16269,254,13,0.97355756602523
16270,254,14,0.9926019261235107
16271,254,15,1.010782468250333
16272,254,16,2.1520052919219257
16273,254,17,2.158269074218146
16274,254,18,2.1626329231490207
16275,254,19,2.165114971515999
16276,254,20,2.165754586383842
16277,254,21,2.164606071289591
16278,254,22,2.161732458304711
16279,254,23,2.157199731444913
16280,254,24,2.1510717957315975
16281,254,25,2.1434064634912953
16282,254,26,2.1342526732532057
16283,254,27,2.1236490895492026
16284,254,28,2.1116241572505094
16285,254,29,2.09819760538933
16286,254,30,2.0833833165235585
16287,254,31,2.067193402450644
16288,254,32,2.049643259151829
16289,254,33,2.030757316608796
16290,254,34,2.010575155446512
16291,254,35,1.9891576344520312
16292,254,36,1.9665926623904626
16293,254,37,1.9430002548613432
16294,254,38,1.9185365420346518
16295,254,39,1.8933964349515284
16296,254,40,1.8678147148447308
16297,254,41,1.8420653790834076
16298,254,42,1.8164591557306604
16299,254,43,1.7913391827210319
16300,254,44,1.7670749334330025
16301,254,45,1.7440545539593373
16302,254,46,1.7226758547598582
16303,254,47,1.7033362669780268
16304,254,48,1.6864221283136223
16305,254,49,1.6722977023568668
16306,254,50,1.6612943568033758
16307,254,51,1.653700328884498
16308,254,52,1.6497514904159107
16309,254,53,1.6496234907049017
16310,254,54,1.653425604614588
16311,254,55,1.6611965475790567
16312,254,56,1.6729024421781458
16313,254,57,1.688437035423537
16314,254,58,1.707624175958384
16315,254,59,1.7302224699043232
16316,254,60,1.3603891659918124
16317,254,61,1.3734989699720852
16318,254,62,1.388686504946521
16319,254,64,1.4248195681330353
16320,256,0,3.464292868044915
16321,256,1,3.454399524998051
16322,256,2,3.446359493214675
16323,256,3,3.4400160833544975
16324,256,4,3.4352283673712547
16325,256,5,3.431874467431199
16326,256,6,0.8358909303666745
16327,256,7,0.8587245184936014
16328,256,8,0.8818141743859079
16329,256,9,0.9048656583735166
16330,256,10,0.9276086858041738
16331,256,11,0.9498034966816064
16332,256,12,0.9712462407238442
16333,256,13,0.9917730066908359
16334,256,14,1.0112623747555554
16335,256,15,2.160578237939919
16336,256,16,2.1679954837535704
16337,256,17,2.173469602711499
16338,256,18,2.1770007921984984
16339,256,19,2.1786157964761395
16340,256,20,2.1783619476896394
16341,256,21,2.176300948330092
16342,256,22,2.172502739547636
16343,256,23,2.167039790924366
16344,256,24,2.1599821219407276
16345,256,25,2.1513933245425836
16346,256,26,2.1413278018315047
16347,256,27,2.129829372521688
16348,256,28,2.1169313175477233
16349,256,29,2.102657867587007
16350,256,30,2.087027052035048
16351,256,31,2.0700547549554624
16352,256,32,2.0517597554081486
16353,256,33,2.0321694717250356
16354,256,34,2.0113260846713326
16355,256,35,1.9892926853094786
16356,256,36,1.9661590813566034
16357,256,37,1.9420469016728625
16358,256,38,1.9171136621697358
16359,256,39,1.8915554969674875
16360,256,40,1.8656083143332371
16361,256,41,1.8395472053362552
16362,256,42,1.8136840111862407
16363,256,43,1.7883630393164682
16364,256,44,1.7639550045675998
16365,256,45,1.7408493563187517
16366,256,46,1.719445231154984
16367,256,47,1.7001413399504903
16368,256,48,1.6833251547956662
16369,256,49,1.669361802285136
16370,256,50,1.6585830932927925
16371,256,51,1.6512771242632551
16372,256,52,1.6476788708740682
16373,256,53,1.6479621621680591
16374,256,54,1.6522333732683498
16375,256,55,1.6605271097045677
16376,256,56,1.672804079021623
16377,256,57,1.6889512590937725
16378,256,58,1.708784381210247
16379,256,59,1.7320526535453253
16380,256,60,1.3286154582690974
16381,256,61,1.3402118504408762
16382,256,62,1.353981633862541
16383,256,64,1.3876212515234676
